1.633741976821578012e-01
1.931158657274033019e-01
1.433473626013512525e-01
1.624894758895392699e-01
2.026680794484575221e-01
8.099104323241160253e-02
1.752710963185858395e-01
1.846420613904701802e-01
1.313863154585477866e-01
1.559377942677410700e-01
8.450334043303023290e-02
4.184263996456787094e-02
1.493904060289532876e-01
2.024739303805932478e-01
1.680579609532082547e-02
1.626172791745865154e-01
1.496238023532122652e-01
9.123617576866618895e-02
1.801096940388147993e-01
1.511140432279388102e-01
1.712846389950102022e-01
1.808965090199879389e-01
1.565302233701070522e-01
2.371340989941925215e-02
9.834884106893143629e-02
2.074738510413321468e-01
1.518067513459259443e-01
1.668406717203260448e-01
2.500730584016812828e-03
1.629689631979660547e-01
1.315783477407125313e-01
1.427375011960025850e-02
9.985903721516518894e-02
1.537378214695429846e-01
1.406871267487150579e-01
6.943780093442492030e-02
2.065665997307989110e-01
1.172359593279898859e-01
7.112852525628600431e-02
2.072834628195538778e-02
7.218524825010087798e-02
1.501483027356701749e-01
1.509001660293811664e-01
1.848081100453267123e-01
5.560001060047659732e-02
1.508309045032757978e-01
1.833999000117031986e-01
8.158858340255197017e-02
1.287568315917319850e-01
1.667246869710589940e-01
