9.884973657529082247e-02
1.132732659147972498e-01
4.238967975783013153e-02
8.734371318815375984e-02
1.208686514494133751e-01
8.602526439552971027e-02
3.381689807001579673e-02
1.385901877208601807e-01
1.115284207229152134e-02
1.153045855855805435e-01
2.773838705483046372e-03
5.722361549422462501e-02
4.873079051797203173e-06
1.143654642062859189e-01
8.960715583943450191e-03
6.894473600075168296e-02
1.079897190884826219e-01
1.183755818370748822e-02
9.464659615418147265e-03
3.768984796169094157e-04
4.708319083606439352e-03
8.310432941842556265e-02
3.823629268749367642e-03
1.217720411211531684e-01
2.696321603557746971e-03
4.921663575214747788e-02
1.411690444499878565e-02
8.021885741858167428e-04
7.670205136609377361e-02
4.656687017646641419e-02
2.253719418970961952e-02
1.071789787027132429e-01
1.357036809542701561e-01
4.058163646487564918e-03
2.346392615037588836e-02
1.013315111438143346e-01
7.368804218899529645e-04
1.377040930160587651e-01
2.893458263641688483e-02
4.592452471388686064e-02
1.227577767766611667e-03
1.258745122781295134e-01
9.135382695111514406e-02
3.875349655955383221e-02
5.036067830742641666e-02
2.115980814971484339e-03
4.927896771365523898e-02
5.691173182696306065e-02
7.380596277056951371e-02
1.410723399634714603e-01
9.507558019199024307e-05
7.347371176559967798e-02
1.203393007166789729e-02
4.344137996724842937e-03
6.758892834256836901e-02
2.175477979539708687e-02
1.378873961665384729e-01
2.251901054024236636e-03
4.916643955355299266e-03
1.472643968326151354e-01
6.114090739570292310e-02
8.995685035730525969e-02
8.556506469354077660e-02
3.511656552761398872e-03
9.010413158839250883e-03
9.270557070748791650e-02
1.919504974999285130e-02
1.283268278428766618e-01
9.252610595988496056e-02
9.176981977148834790e-02
1.129803288037071612e-01
1.388605342432399914e-01
7.644020125802951371e-02
1.186506396163081040e-01
1.522053354570297445e-01
2.017400987347106977e-05
7.549209355859176629e-02
2.811106055412204707e-02
1.167760352993594958e-01
8.905007215065667558e-02
6.782560225106160079e-02
2.044800965834067934e-03
1.258636488755199290e-01
6.039471522005202681e-02
1.039323533751951717e-01
1.432315802778164060e-01
1.079152813856817383e-01
1.780820364438972028e-02
1.147471388077041521e-01
8.220323215962907493e-02
1.060902122598621211e-01
1.303267549338809339e-01
1.032815344015735604e-01
1.136351910008558119e-01
1.319634976334450871e-01
6.299153807870330746e-02
7.277061251865628300e-02
1.289570299063809988e-01
4.571556385829608771e-03
3.245462770960745591e-02
8.039114248481542616e-03
1.241766928007933674e-01
6.537534366860880963e-02
1.470518849011996846e-05
6.224764569454040858e-02
8.519759538019126832e-02
1.058685790511546543e-01
8.084880266053705994e-03
5.972691874322814953e-02
1.154836288470789674e-01
7.911109092473905813e-02
1.162701809080522869e-01
9.115922931786765715e-02
1.875317532376443808e-04
4.540809961910572540e-02
3.871234451281835992e-02
1.448976425936461532e-01
9.296092846381425877e-05
2.038669056198492372e-03
1.220133722848956888e-02
8.741846529950360323e-02
9.647773586984234595e-02
1.460202499958311584e-01
9.215815606358053469e-02
1.375952293889682321e-01
1.414905104628675497e-02
6.982699313650535256e-02
9.276263335998140291e-02
1.542880719102042719e-01
1.646525639146888221e-03
1.054617197905907827e-01
7.562644923919445428e-02
5.548145904452716354e-02
1.142241412541106782e-01
8.533389409672600956e-02
8.177765482551623000e-02
1.729917977008112867e-02
8.563414364981309160e-03
1.010150376334054412e-01
9.834474934454533190e-02
1.302436902935597274e-01
4.038916124179516703e-02
1.651572529521809669e-03
5.061974610064223085e-02
5.262641653526545921e-02
4.962146360862156741e-02
9.171377902725737219e-02
8.675684703809848075e-02
