1.483690920189453810e-01
1.427014554142055913e-01
1.521305755518452818e-01
1.314756020141310544e-01
1.500730628464299055e-01
1.110835376516471906e-01
6.586549562063288843e-02
1.305845778783714661e-01
1.495666434144762025e-01
1.469962800546720516e-01
1.513492649976988236e-01
9.825868104451949969e-02
1.676338453639732717e-01
1.653570037414099358e-01
1.426343753360912736e-01
1.425304365501003367e-01
1.375992672868096289e-01
1.165030245825884464e-01
1.391392318041281273e-01
1.337776434545494830e-01
1.318037064159885419e-01
1.018784951995128363e-01
1.399430127967598303e-01
9.145398896805799482e-02
1.140536309148923871e-01
1.453740362999922930e-01
1.229440533549632092e-01
1.428507329705614726e-01
7.514939963878210227e-02
1.170554939339213674e-01
1.327650966502453567e-01
7.600848461382005150e-02
1.177541884479499784e-01
1.333038755642082240e-01
1.351521922316774316e-01
1.111334571880045613e-01
1.666464097248593346e-01
1.181479685384548423e-01
1.065366977862808873e-01
9.446620945758948951e-02
1.114398236251605279e-01
1.374727536106871706e-01
1.547207342795508811e-01
1.559805367003083976e-01
1.299302378373237976e-01
1.366971730445391831e-01
1.541230317453526066e-01
1.096829155576475728e-01
1.300697933234383485e-01
1.432218196899787133e-01
1.338856252466729124e-01
1.424584484450940602e-01
1.028212475533056419e-01
1.358023666202655688e-01
1.175740176058316239e-01
1.496247988206421964e-01
1.254817201746548927e-01
5.842800167750521884e-02
8.938855057211272936e-02
8.484544695213583343e-02
