1.347689727974218377e-01
1.463596086273415142e-01
1.346569546591135924e-01
1.432714983124726837e-01
3.324609275612585430e-02
6.637875435687363990e-02
1.332178006084308586e-01
1.315966622970331235e-01
4.797700052524912079e-02
6.403664861999296132e-02
9.244011762021990541e-02
1.029119848293420098e-01
1.085955914594009669e-01
1.078842905909344896e-01
9.468170958079229205e-02
8.674210213773377032e-02
1.109290904389358123e-01
1.126743747408392726e-01
1.434730914490043308e-01
1.343705761974237634e-01
8.417483825690710159e-03
1.632016612231345157e-02
1.296313504656683990e-01
1.077184196467433491e-01
7.458166958298818872e-02
7.331997733735313993e-02
2.395182135635402082e-02
2.277042092324959438e-02
1.026576812267810529e-01
1.220787071924721856e-01
1.129544631299822938e-01
1.006117175482286047e-01
1.425123414941185385e-01
1.454058282231238397e-01
6.553420690890336686e-02
1.891749801148995269e-02
2.936295853570572434e-02
7.224116803646643548e-02
1.042403116878420390e-02
2.590680894183091526e-02
5.122827566574593601e-03
3.416169568599181083e-02
1.242964269136703076e-01
1.177736333020120429e-01
1.305560677056026575e-01
1.408353010582933662e-01
1.206374052403125924e-01
1.123016970930184322e-01
1.291819992295154818e-01
1.412776661768432029e-01
1.196187844464646627e-01
1.340473204614362479e-01
1.003468144915852234e-01
1.078843101981824676e-01
1.166297039256089102e-01
9.176547414729366303e-02
1.279087473506836381e-01
1.435454175773136776e-01
1.373934598018425324e-01
1.455918276152504964e-01
1.235461982000973791e-01
1.290688270311455554e-01
1.001387644591189424e-01
1.188116604572015261e-01
9.847146214346701176e-02
1.120728983717702021e-01
1.443356017208248798e-01
1.405795515024913511e-01
1.115471563072003847e-01
1.227570074550320828e-01
6.832129643910064831e-02
7.529353392508759957e-02
4.600602168729689412e-02
5.999400191557486411e-02
5.156351960258918812e-04
5.796429230122155350e-03
1.669933925718208173e-02
2.704488859394738390e-02
7.465457175342204987e-02
1.034364335376430910e-01
1.031550989262404600e-01
1.275024945296681644e-01
9.498509070656738218e-02
7.748039561973237010e-02
1.259049984955682155e-01
1.238639937441290695e-01
3.351757742864609063e-02
2.917515180020240767e-02
1.101628470701363216e-01
1.082316732551474314e-01
6.014182745693247983e-02
4.948632685175644724e-02
3.468918353205481531e-02
2.550092339342931516e-02
7.075498453239872660e-04
2.571459047348416318e-03
4.269006802850213583e-02
6.970620011480950506e-02
7.961829807682228866e-02
9.449144543416525266e-02
3.564412709082478981e-02
2.320782555027041047e-02
7.952556465620935766e-02
5.619409113026357927e-02
3.337882717160500778e-02
2.537679119854470769e-02
1.111046602263526763e-13
1.509028910847667838e-03
7.501680630639221817e-06
5.248096747626535170e-03
4.425910264992927168e-02
4.061593602416591064e-02
1.586936839426467821e-02
1.377254412454532138e-02
3.814556226802831920e-03
3.825532926764836292e-05
