1.490876255901624481e-01
2.411945617307052203e-01
1.448147005842421453e-01
1.683684377837223745e-01
2.413691434812524073e-01
3.108451931494456838e-02
1.673078894497866120e-01
1.978206949747612908e-01
9.232923969670667197e-02
1.319664292688302876e-01
3.530789945300680938e-02
1.537316978231013196e-15
1.456128441766101345e-01
2.472139101133024042e-01
1.537316978231013196e-15
1.854624231605929707e-01
1.398333052069002935e-01
4.628937836458124622e-02
1.971293991795401712e-01
1.416680911979986690e-01
1.649382068001431501e-01
1.761986041933941982e-01
1.442434784995824948e-01
1.723790040706015339e-02
4.959755502608138161e-02
2.527082314060420387e-01
1.343916114670400119e-01
1.747218183420978233e-01
5.682295182269504578e-04
1.567486293285877963e-01
1.038733540347138579e-01
8.346233840651622743e-03
7.022563845116944203e-02
1.158630949930858772e-01
1.454639912594823947e-01
1.357787323189904062e-02
2.471874318376354740e-01
8.240330858973252126e-02
1.704999144365261857e-02
1.537316978231013196e-15
2.473798057558351457e-02
1.370643032933681338e-01
1.306337476838881073e-01
1.907382735599322532e-01
7.536610920053306989e-03
1.231130928194321961e-01
2.132109762573661527e-01
3.805801635211555206e-02
1.350832996427991928e-01
1.691514430208543029e-01
