1.240993095988196099e-01
1.326858033257586889e-01
1.235175030434563642e-01
1.307160689448665924e-01
5.510640615336526160e-02
7.315007198793423149e-02
1.221212060423719215e-01
1.225361375558591814e-01
6.724057979022372844e-02
7.422383927397697978e-02
9.365450766460320375e-02
9.884722005630465491e-02
1.069079369374690142e-01
1.043049268231352050e-01
9.065154276135350964e-02
9.442805376186307054e-02
1.074396095531325312e-01
1.050575922928849160e-01
1.298054591730875562e-01
1.231195662306250743e-01
2.442917880945830178e-02
3.013299016368886293e-02
1.221932784636456104e-01
1.091265164155222483e-01
8.346219283938685618e-02
7.935768595733876107e-02
4.544116950159602514e-02
4.675056123321915530e-02
1.033732747667177598e-01
1.137948133176744925e-01
1.104798199598963221e-01
1.030673998039336042e-01
1.296856848988873212e-01
1.313865734818196462e-01
7.950015970983019542e-02
5.701776214347125532e-02
6.701991267622864346e-02
8.494464816132010765e-02
5.943477314198934713e-02
5.877986891540958048e-02
2.420349416303974044e-02
5.529751208477479835e-02
1.176727991863211753e-01
1.136869506612849245e-01
1.222254975411403571e-01
1.288046189382725804e-01
1.128253288890921635e-01
1.099293493897759433e-01
1.193029361865698829e-01
1.297253091692318061e-01
1.141936017881863275e-01
1.247661504563309931e-01
9.880894415189027391e-02
1.058545607721288057e-01
1.118967082479471742e-01
9.779147340304776559e-02
1.189956404597305312e-01
1.299103446113979432e-01
1.246121841576349060e-01
1.313385356271122850e-01
1.152534850332899569e-01
1.190464035951218080e-01
9.792646070104753242e-02
1.107388445868833782e-01
1.008735753882488012e-01
1.090682320889501261e-01
1.309712822537385246e-01
1.287464514300908913e-01
1.053417590456407343e-01
1.139882434708042319e-01
9.033297113783264609e-02
8.474599079004026259e-02
7.093402794217350260e-02
7.270858260854819177e-02
6.327111151080967895e-03
3.013056523587248625e-02
6.561012579896999264e-02
6.622522676206811509e-02
7.824480539887262998e-02
1.010174546350011415e-01
9.961795197991439588e-02
1.164596415391498524e-01
9.504030569475166446e-02
8.287919390358690352e-02
1.174027049632102582e-01
1.176675727205947902e-01
5.981440323935122844e-02
5.260029670728157830e-02
1.057440642080316184e-01
1.051967978554395611e-01
7.433867420755080335e-02
7.451594854871836093e-02
5.700828813765523861e-02
4.090628793372900335e-02
1.896444821354799012e-02
3.089512890549573482e-02
7.399019775451479153e-02
8.722433212731782459e-02
8.745498193459021186e-02
9.949485318787036625e-02
6.200103690313134991e-02
4.189286004620497439e-02
8.713586778043347358e-02
6.731550752517950764e-02
6.748624920576334896e-02
5.025573485734306789e-02
1.839154213916377456e-02
1.390920908946606353e-02
2.163042333333408188e-03
5.783398300091018712e-02
7.058903488601052378e-02
6.482450087649958836e-02
3.962831347928501280e-02
3.842594951014925014e-02
2.154878672460484174e-02
2.210647787704697088e-03
