2.297293331731205535e-01
2.370037028350610864e-01
2.647461130595660239e-01
1.973614150072020290e-01
2.457960894376137184e-01
2.724501391840914999e-01
2.041743987152845052e-01
2.619823913785045422e-01
1.741324437887102894e-01
1.414932057077790684e-01
2.380449644451546332e-01
2.258876980676793600e-01
2.517274000985739169e-01
2.690607918832942924e-01
1.694404777431122999e-01
2.530191237323201614e-01
1.795600579055553203e-01
2.139635364781508620e-01
2.555360607460265832e-01
8.486321395979878890e-02
