1.106741267714874410e-01
7.267349032115985596e-02
6.140827596727475857e-02
9.632827297930114663e-02
1.071924969077393958e-01
6.286238169643311446e-02
9.380400876211177075e-02
1.135629100014214077e-01
7.254133607812450479e-02
1.087790939857046779e-01
1.150391301440773228e-01
1.224037512756172286e-01
1.129272958687056183e-01
7.237924405401981176e-02
1.194596316449480222e-01
8.845435918452598800e-02
6.066946787882242925e-02
9.501396223589163303e-02
6.825750929908391829e-02
9.317708767622190358e-02
9.293371248078144409e-02
1.149223462229670700e-01
7.486816536699864022e-02
9.538941284397452203e-02
7.595224644078978071e-02
8.202804634981666898e-02
1.221340599592991988e-01
1.027934295009994975e-01
1.146530714266969647e-01
5.211998716173198154e-02
7.832987754341946829e-02
1.075778222383655253e-01
1.122469148919700149e-01
1.168009954820010271e-01
1.038129245139609164e-01
1.021237412672993256e-01
1.046286459420635306e-01
1.268146620395391722e-01
1.134078624102173444e-01
9.789901891642552312e-02
7.370314737985853015e-02
1.106625237492491615e-01
1.141412490895522963e-01
1.209795441361057877e-01
1.038631337385242659e-01
9.731390617232490992e-02
1.150259729609311027e-01
8.597072174198407135e-02
1.137715264221914185e-01
9.285013025456322067e-02
1.078733555957814283e-01
1.025082333615102287e-01
8.110625325512528516e-02
9.393234007737910618e-02
1.179141585740040438e-01
1.063366682997794882e-01
1.183973001248650042e-01
8.124153334171087260e-02
1.043587704556880325e-01
1.226470160362430062e-01
1.165305130350014484e-01
1.112411855525695242e-01
1.045843611237594756e-01
9.752516066700449293e-02
1.119612648801318056e-01
1.148082466528212303e-01
6.941777739011764647e-02
1.209950325439754226e-01
1.052963374560323268e-01
1.151650621345119557e-01
1.121886790045776294e-01
5.899063867111013770e-02
1.198925158090950183e-01
8.620261020037883748e-02
1.231549432177817816e-01
1.106880480753159174e-01
1.058353208943682705e-01
1.238083368529711570e-01
1.033938827509934821e-01
1.008495353316341131e-01
1.225872571039356707e-01
8.004009035591694299e-02
5.215959025952682931e-02
5.448906501112744244e-02
1.048590056829507844e-01
1.239780603506352996e-01
8.706089360953095380e-02
1.215327998515752378e-01
5.824689180192160753e-02
1.068211186944394708e-01
1.068793044130205150e-01
1.007712015254141752e-01
1.067594159774857415e-01
1.148265297206173818e-01
7.611088030866428045e-02
8.776667105078526931e-02
8.930261139911767343e-02
1.087811683202432600e-01
