1.638023679006069544e-01
1.514570242496316166e-01
1.432155521331882897e-01
1.554481842073798803e-01
1.546182715478064684e-01
1.500485358251172352e-01
1.407628541582552073e-01
1.368129037974431250e-01
1.566914269514535496e-01
1.346037170143848105e-01
1.603867671632476233e-01
1.514650723361593287e-01
1.527464154413711861e-01
1.331768891666958166e-01
1.454319010858346750e-01
1.572787334143309901e-01
1.176591361884555265e-01
1.336679625688867168e-01
1.198175192547924206e-01
1.494621824713466551e-01
1.355557226140660376e-01
1.338708372070409325e-01
1.354211682965865138e-01
9.686531116412007425e-02
1.169465131569173838e-01
1.153280299048250468e-01
1.454943976766304159e-01
1.574063424957133361e-01
1.338859673371241565e-01
1.353369961739889771e-01
1.261378643665940769e-01
1.314772433363567417e-01
1.227780559747129602e-01
9.081578782290777863e-02
1.407693435964214035e-01
1.179864774607465167e-01
1.457970643944228872e-01
1.119462508587516641e-01
1.336143591653574381e-01
1.323277294925332692e-01
1.223351261529532358e-01
9.500687990689533902e-02
1.043522613261334969e-01
1.346260096515942417e-01
1.093080300968219121e-01
1.051606606053827886e-01
1.324160653593203230e-01
1.240640275473493120e-01
1.038650881954431698e-01
9.568385931752308726e-02
1.314854693136992825e-01
5.583049307319630505e-02
1.222784602230900380e-01
8.515758801756515006e-02
1.009147616864894265e-01
1.342765537157378786e-01
1.041423600815707812e-01
1.118192405966762504e-01
1.061806428550052528e-01
8.357986486035695606e-02
