1.489501916941292914e-01
1.688344896128149142e-01
1.433603907457366433e-01
1.536622721506726574e-01
1.750586278744926394e-01
1.190961837457236161e-01
1.619330960823062437e-01
1.629578901291456883e-01
1.394518150310943283e-01
1.462748341669896091e-01
1.227507088197623136e-01
1.057796527543214404e-01
1.516362102148910707e-01
1.752792006307714034e-01
7.832082901038139866e-02
1.522352637046390789e-01
1.463582556909102939e-01
1.242308080548216731e-01
1.594212436083816686e-01
1.425776606511056088e-01
1.582764802126167547e-01
1.602058940435093226e-01
1.481736152694390629e-01
1.023310255545181596e-01
1.229482492896257495e-01
1.774130000865801748e-01
1.448216690159052911e-01
1.528519817390913416e-01
8.564203618826676800e-02
1.516117738812410576e-01
1.415093663802602930e-01
8.875042705039346003e-02
1.291778460136899787e-01
1.421114554462998003e-01
1.435375557796282342e-01
1.191780738067720335e-01
1.767396481944874531e-01
1.273251634874576210e-01
1.143815338894785399e-01
1.005735022062096973e-01
1.206778797264527470e-01
1.463919973581210843e-01
1.408435886813485249e-01
1.656628573623638578e-01
1.101563119195205498e-01
1.453778055840565520e-01
1.640619409258508854e-01
1.186429001132693756e-01
1.381199493611545981e-01
1.535216715045761571e-01
