1.808532142404732090e-01
1.737575484342559484e-01
1.585193324707794837e-01
1.617162237000646652e-01
1.691964521922118825e-01
1.534463381648401847e-01
1.652838982789534283e-01
1.807411225675339961e-01
1.200606729065607781e-01
1.728656185779782750e-01
1.862766017465180557e-01
1.715032904852751283e-01
1.331228654547319257e-01
1.651562168411855880e-01
1.628723369587846415e-01
1.569021935964223791e-01
1.343815520634717708e-01
1.725443151300954381e-01
1.447134107429778882e-01
1.736900853001028533e-01
1.744970459856362011e-01
1.778228675368136169e-01
1.854601699435383111e-01
1.074982136062069549e-01
1.755364564855759202e-01
4.061626093019810729e-02
1.727026741099732254e-01
1.537877922345134984e-01
1.552835183358948212e-01
1.577317560142178499e-01
1.470529286212323150e-01
1.829885158384509936e-01
1.391615750103527005e-01
9.825537888470677050e-02
1.625743168156404683e-01
1.549551133752398724e-01
1.700300494007689345e-01
1.260998034796396161e-01
1.558402735280877416e-01
1.534440687021876859e-01
