1.222014301662323332e-01
9.722973088282997611e-02
1.006195346764401782e-01
1.081702942020138919e-01
1.149552279563864216e-01
6.844359386798615219e-02
9.115373506913412860e-02
5.232822985678817901e-02
9.112718263935269680e-02
6.309460309313039139e-02
1.121064222210601535e-01
8.908738143570121837e-02
8.719027286695843482e-02
9.095580935235918207e-02
1.007647290787124783e-01
1.239703705588463684e-01
6.229157119511288809e-02
1.047586108978063035e-01
7.008737483778451627e-02
1.192640856582402042e-01
1.266925882709591111e-01
7.603480749095446745e-02
5.238285379331424768e-02
8.361681282686142525e-02
1.219138570585142217e-01
6.665473087070820923e-02
9.083617514400181558e-02
8.531630476412042918e-02
1.168745108189999798e-01
1.068687370818602878e-01
1.098435356636467547e-01
1.084527427007714317e-01
1.136030583986014364e-01
8.233100827966326196e-02
1.194011994931253040e-01
1.142754392855214324e-01
1.346975381334930832e-01
9.118372343764280519e-02
1.177154692241447476e-01
1.251136220462111259e-01
1.091515867004825141e-01
8.223808505179268369e-02
1.253263193557832555e-01
1.265831430516165812e-01
1.163142324059941585e-01
1.127317565935132826e-01
1.118845165579326617e-01
1.110603987814700599e-01
1.146813418461018474e-01
1.171788678088105801e-01
1.269256017791687841e-01
1.169078460692110771e-01
9.149978308093779933e-02
1.192221123149602574e-01
1.054434245344050558e-01
9.181660582562230222e-02
9.629973636133046244e-02
1.159574609912958076e-01
7.724506402024777785e-02
1.176872091928855696e-01
1.163600956431068145e-01
1.164505359131077639e-01
1.103666614617727221e-01
1.134484201469742465e-01
1.114516860090353917e-01
1.084382376759591982e-01
1.197536467158468870e-01
1.067460472927098392e-01
1.270507215548287716e-01
6.460890574551958476e-02
1.243784455879128475e-01
1.194625683295487406e-01
8.173036286394390337e-02
1.132302065223902976e-01
1.119374675274796282e-01
1.219328690297538514e-01
1.248270556623946037e-01
1.250441494735419212e-01
9.365889349937026043e-02
1.146031653020156138e-01
7.394100619884520775e-02
8.856075054566045490e-02
1.254878856154914568e-01
1.182850131366028207e-01
1.080041646344667289e-01
7.922832063311084638e-02
1.060154803232147142e-01
5.648682612017675436e-02
1.290521948993612888e-01
1.064530202358395794e-01
