1.028787298160998426e-01
8.695758748477469546e-02
7.863548108408410786e-02
8.104588459601919093e-02
1.025001750673483064e-01
6.905938297253989833e-02
9.042916952937983532e-02
8.401628490913787273e-02
6.925140391222642244e-02
9.530198475662908508e-02
6.159199754407922167e-02
9.531265996121279782e-02
1.084402805117828661e-01
5.139945407555514267e-02
9.477861433884256226e-02
9.512025358208053838e-02
7.233470817951363763e-02
9.212233464939115213e-02
8.391819220626281495e-02
6.437353235217532776e-02
6.175704378466970873e-02
5.548983666713289131e-02
4.381659577285336449e-02
9.149548246707246701e-02
1.029431373314242948e-01
6.405436505736362973e-02
1.025533022698705832e-01
1.058355142954794104e-01
6.230777978860103927e-02
9.598139675050346153e-02
5.971375453982026571e-02
9.408084491755636103e-02
5.893783709086790334e-02
8.009056706203181164e-02
9.463374142971300862e-02
6.838687935257636852e-02
9.805618688686647266e-02
8.438716787309358258e-02
9.637925435207989056e-02
9.424042984059362305e-02
8.429819732351669093e-02
9.806773512003644222e-02
6.178180239339853969e-02
7.735820803436917192e-02
1.042012653465156646e-01
4.385756533600122797e-02
9.593231940247382017e-02
1.033061501903601714e-01
6.820916185250296138e-02
9.580571801794404707e-02
9.300501900094053365e-02
5.957629232954828047e-02
9.998838935378409620e-02
7.458070524790869071e-02
5.881481928427272771e-02
8.347856532482239578e-02
6.529090687584898633e-02
9.460965312341237943e-02
6.786003796504816443e-02
1.012599984478130682e-01
9.989192195449582423e-02
1.049913982082854025e-01
9.831335277376267168e-02
6.146001153416803808e-02
1.011076321072265222e-01
9.725173940399695072e-02
1.054372007025678043e-01
9.799227228434907733e-02
7.016805415931942624e-02
8.530451663963957432e-02
9.294714551009863879e-02
1.016457483813254375e-01
1.002448412272559097e-01
1.064373109603896084e-01
9.005420629955958323e-02
1.006924330911652260e-01
1.083832690279856181e-01
9.443554299508040428e-02
6.225916514770762911e-02
8.763075291344263329e-02
8.707270569108069291e-02
1.038790283960830813e-01
9.058114979693362989e-02
9.456899527041641440e-02
9.600594952230440127e-02
9.196752178323240601e-02
1.057011617662155512e-01
1.030089418727902634e-01
1.013745105017889586e-01
1.074531863993190145e-01
7.027946409922086746e-02
7.636458155120125213e-02
9.249732599725166149e-02
4.742533419255837157e-02
9.798814559546958902e-02
7.852535027971042914e-02
1.052927611088092519e-01
8.655196142645295299e-02
1.124196642210098379e-01
4.874615901965384523e-02
6.632639069936599463e-02
1.094722287494985791e-01
8.414015596244603379e-02
8.279594597565440028e-02
9.001001175428870182e-02
8.980983660077289377e-02
8.617331096997730977e-02
1.017809908205547509e-01
5.433802128275653370e-02
6.691653671591336894e-02
9.051772180964252901e-02
9.906122463028348146e-02
5.745384668602141615e-02
6.774742347206162696e-02
1.059393651513337031e-01
9.318175296568757815e-02
6.369106206547026083e-02
9.416717169932266318e-02
1.061343955694560998e-01
1.042057670816271264e-01
8.823548225918183274e-02
9.284855440990268105e-02
7.008984929901626582e-02
1.029296725493188264e-01
6.879794655731559516e-02
7.040202734079710478e-02
8.704074670001653302e-02
1.037822292446761441e-01
1.058553835477197419e-01
9.151649618703025513e-02
