1.113356386237566165e-01
1.299444471378721211e-01
1.246985709569273376e-01
1.104646658577465718e-01
1.001483227987103597e-01
1.146352133304869986e-01
9.572197199644674748e-02
1.064576517427702068e-01
1.123372790636989055e-01
1.228423505405128874e-01
1.286595096282583395e-01
6.065981031342022184e-02
1.282555385778991752e-01
1.188695254961659037e-01
1.160702861004130476e-01
1.048988450789190424e-01
1.184587112672692288e-01
1.278728830903218261e-01
9.282608789063286070e-02
7.946142970098188374e-02
1.074105207934189510e-01
7.814486850661235551e-02
1.291844323510639159e-01
1.199564494873015530e-01
7.426099831464461065e-02
9.569902388260709269e-02
1.141262811355814033e-01
1.308537124826156250e-01
8.134835855434117968e-02
1.290182215183575398e-01
1.116295605255078482e-01
9.866652163848575741e-02
8.145193277300219470e-02
9.798146922955140725e-02
1.228544292402135168e-01
9.512386109495896136e-02
1.187168498014042894e-01
1.037722220325673350e-01
1.088012916962659005e-01
9.805456006485448184e-02
1.215475200993549054e-01
1.322241929977751029e-01
1.217136593228291958e-01
1.293263314125508434e-01
1.161822408966590447e-01
1.136041169147503915e-01
1.253130994547860533e-01
1.239496360576135825e-01
1.125553407452345167e-01
1.361664941610994661e-01
1.400749328257883952e-01
1.026155013770171653e-01
9.488673415347571860e-02
7.614603801512270786e-02
1.334339330873429985e-01
1.325931362849756268e-01
1.221628306059137914e-01
1.240953494453159167e-01
1.239691608141066936e-01
1.137146726078566289e-01
1.262268011682488866e-01
1.278992549243899990e-01
6.586210944301118531e-02
8.628716961210221303e-02
1.151295576295691542e-01
6.790528403162207627e-02
9.823976706378421964e-02
1.190557447107296885e-01
1.115561712945230405e-01
7.782671652805782381e-02
1.305745867163924656e-01
1.197889178586826753e-01
7.966420105821460373e-02
1.269785195914124032e-01
5.634758902672402231e-02
1.047305087104484500e-01
1.335607485230038693e-01
1.213798240133548978e-01
1.201121641803800794e-01
1.207317563703541180e-01
