1.546698955728824376e-01
1.149398673457961290e-01
1.534655940157104159e-01
1.655905175763147663e-01
1.525526080127398709e-01
1.426290206108939140e-01
1.752509003324314307e-01
1.359323130741201258e-01
1.606948398789941612e-01
1.718214360338002622e-01
1.400976222321036746e-01
1.717322197314972987e-01
1.623170143607335913e-01
1.132570208540905204e-01
1.666048351015233520e-01
1.525481621186325354e-01
1.774080422835668247e-01
1.818795234722041243e-01
1.419586106273956483e-01
1.421537872148891379e-01
1.699800203937197052e-01
1.650271025460593732e-01
1.733597631828476815e-01
1.741016622121044632e-01
1.832701329322790340e-01
1.861689999831398490e-01
1.427029917098759926e-01
1.706189708778676206e-01
1.694185572207877188e-01
1.592436824562774578e-01
1.538208618484007972e-01
1.433402942510638434e-01
1.650679936352258681e-01
1.602755571174424576e-01
1.337104936222790752e-01
1.236163205442289970e-01
1.685094990312553387e-01
1.736399048409470180e-01
1.196199619958706745e-01
1.675558087323943957e-01
