1.681546938987857343e-01
4.974479963007472083e-02
3.522125388369529153e-02
6.206227158131483179e-02
1.150182922846057498e-01
1.299852152981116095e-02
8.103117549398443923e-24
8.103117549398443923e-24
3.397949859772701059e-02
3.197742764025511748e-04
1.077744060133247889e-01
1.237222553950855950e-03
5.990917193301385866e-05
8.103117549398443923e-24
2.576515896784084547e-02
1.823024774226337519e-01
3.639917646171515417e-20
7.112549516534832916e-02
4.686315943224731752e-03
1.173115129662666012e-01
1.846239944833965307e-01
8.103117549398443923e-24
2.222701556548146214e-03
8.892017444289239403e-04
1.516422257811365915e-01
7.260052421479596145e-04
1.260175788424698629e-02
2.296408090179480332e-02
1.109178838341562251e-01
8.615995432374724816e-02
8.544282838353819964e-02
4.663072835345265232e-02
1.084751410612284500e-01
9.217832976109655149e-04
1.319604184612957753e-01
6.326003346580143238e-02
2.441784050309186160e-01
2.406414195261798519e-02
1.006557591559908982e-01
1.680845528660102339e-01
7.752716191010841640e-02
1.537756603241513097e-03
1.742495961608574728e-01
1.799443826739136054e-01
1.185517410964371243e-01
8.790609386269676584e-02
8.498917737144708051e-02
1.028459883088329030e-01
1.353919114969388271e-01
1.522755995648694405e-01
1.543515001862368341e-01
1.214243921744154325e-01
4.254989463716316901e-03
1.443979764326707160e-01
4.039885507150136473e-02
2.636826192758234821e-02
6.733789215757413071e-02
1.481955730933366966e-01
7.372541702833193371e-03
1.333191769799101645e-01
1.259980750527344151e-01
1.132085688213030628e-01
1.211918246305982855e-01
9.922459446552021889e-02
1.155997788834772916e-01
1.149985206925123737e-01
1.266187186742526449e-01
8.191180847125234532e-02
1.978733060224287243e-01
8.103117549398443923e-24
1.144622431034965637e-01
1.476235380542809394e-01
1.575251598251737120e-02
1.402069849335684237e-01
9.445047400482445288e-02
1.267516108106291339e-01
2.114291014616500042e-01
1.332676898585451741e-01
2.726715171090395105e-03
6.884421647796454269e-02
1.577120188311159632e-03
3.201052999982712671e-02
1.896109751006627431e-01
1.016934309634861949e-01
9.645147779661900067e-02
6.309001427705021418e-03
1.168896227509707147e-01
3.639917646171515417e-20
2.220629135258194720e-01
4.703364459603730230e-02
