1.538649899936527232e-01
1.490717482439480324e-01
1.577588692098722267e-01
1.335586699127352950e-01
1.527937332572385787e-01
9.901862129731506257e-02
2.852334611292858466e-02
1.352515195786477276e-01
1.553022211173784028e-01
1.535325880772484275e-01
1.578616177684273592e-01
8.158581610200642265e-02
1.761251432349971446e-01
1.728810898748884550e-01
1.478035719916253321e-01
1.463152850605066446e-01
1.427217429257298387e-01
1.092677356913417525e-01
1.421808651532303069e-01
1.360254999188904024e-01
1.341354777823883238e-01
8.980581849024359131e-02
1.446692993984239339e-01
6.704995178180983562e-02
1.136440534304240663e-01
1.513359894716947152e-01
1.250857178008150661e-01
1.484287079051657965e-01
3.321520595500587758e-02
1.063877920464589288e-01
1.315499706558783399e-01
3.645979994997732010e-02
1.162158028054532527e-01
1.376298935485557040e-01
1.368652785110512637e-01
1.021900856461521734e-01
1.741200054584560453e-01
1.184696505861186216e-01
9.977510152236229723e-02
7.801423987054735554e-02
1.036045347602829597e-01
1.425507863958994093e-01
1.618926799002868844e-01
1.626146624882199576e-01
1.306642632204577381e-01
1.397754985571520725e-01
1.607353390295722939e-01
1.014651049053523629e-01
1.278400597220490098e-01
1.503235325482178697e-01
1.396641644915218583e-01
1.476705076234450242e-01
8.834007717412760419e-02
1.396289433360217713e-01
1.162626838537303697e-01
1.564819494864896909e-01
1.260660251930490749e-01
2.355373048593218527e-02
7.501084599518026419e-02
5.032909188148310120e-02
