1.100704323140004603e-01
1.473697135599003061e-01
1.287376558819983974e-01
1.292212528149133677e-01
1.383414264407779870e-01
1.499256519787288133e-01
1.517161196397164569e-01
1.097963486930263466e-01
9.824518900650637543e-02
1.284734106345488680e-01
8.167949414140411590e-02
1.295014148624112071e-01
1.022301202199322606e-01
1.522418205148744486e-01
1.400854570696629942e-01
1.366452033847433689e-01
1.125824810122599967e-01
1.390911591316636442e-01
1.045340900342428408e-01
1.182293889349115279e-01
1.396750034974468258e-01
1.421442411179833776e-01
1.456699313928827566e-01
1.192954064590579094e-01
1.311674810979406858e-01
1.437144867327804776e-01
9.746504242615397495e-02
1.267683391945126914e-01
1.357949024768594914e-01
1.068657767887474519e-01
1.413845753176168341e-01
1.452437068629949535e-01
1.376190686159779186e-01
1.305853658154021713e-01
1.090739999959696588e-01
9.350942911358003928e-02
1.246922455268976576e-01
1.385559203377821069e-01
1.437226176606662409e-01
1.259862685131427351e-01
1.312857430436063511e-01
1.372843262632010009e-01
1.302089377263168091e-01
1.408277246372362235e-01
1.551712284778284379e-01
1.274261324804469298e-01
1.223884663109805898e-01
1.317881780690196569e-01
1.300335041905767430e-01
1.327699211716381889e-01
1.390697589145060420e-01
1.047991083123384348e-01
1.385893777041563024e-01
1.111970604291611792e-01
1.132226380003891614e-01
1.420440644740988412e-01
1.429059887211610314e-01
1.510081293594879304e-01
8.933008147993733161e-02
1.189249130776287022e-01
