9.656516205638358830e-02
9.461624471158115723e-02
8.012599914236354093e-02
8.611446095047940730e-02
9.757621303454605544e-02
8.392456808850685956e-02
7.543172799880529245e-02
9.886678067710287510e-02
5.509674724543562468e-02
9.570466680674279136e-02
5.170075992277717997e-02
8.150376489580840600e-02
4.964727255396447769e-02
9.340827961222220033e-02
6.414219319175283596e-02
8.206689752342066768e-02
9.478411188565653844e-02
5.663411583011476735e-02
5.590104253607428714e-02
5.094320492809378820e-02
6.317580557321572643e-02
8.704041596537676062e-02
6.988471144420023429e-02
9.863448864172749686e-02
6.053467527526788100e-02
8.311495975008111048e-02
5.796392231480903406e-02
4.003308951931566079e-02
8.460583544265046219e-02
7.769306589101708516e-02
7.446278397201668009e-02
9.481426443193340103e-02
1.004824412610309387e-01
5.745675184507224864e-02
6.820111859706987079e-02
9.540027918523255601e-02
5.566197659324341462e-02
9.993659772022463195e-02
7.216116807698993996e-02
7.602638586799501108e-02
4.808131895227929498e-02
9.704069669785855834e-02
8.879553482051975866e-02
7.982560820161413440e-02
7.813680362347925901e-02
4.801484099580453219e-02
7.829735267375928509e-02
8.087533070024228998e-02
8.301906745386479491e-02
9.962628696683005491e-02
6.127304366421775644e-02
8.455045397307232868e-02
6.585208805878482730e-02
5.207458347480631994e-02
9.065264832805391970e-02
7.227871731676294154e-02
9.941381805592032495e-02
3.948739238948482944e-02
5.780808056993051031e-02
1.023855719479235676e-01
8.262240864892562986e-02
8.882972076256613614e-02
9.006852454076173797e-02
6.629967362891446558e-02
6.366885291416662929e-02
8.643918884943914416e-02
6.458356935276625410e-02
9.677662777288838225e-02
9.162291114640977452e-02
9.578872112133184069e-02
9.314290796234722669e-02
1.018739522960887267e-01
8.482517546998295799e-02
1.004557424742876098e-01
1.031269418820464079e-01
4.866824709448688835e-02
8.637918441190789443e-02
7.031102875737596514e-02
9.474597044057968265e-02
8.962542390475940202e-02
8.163640235619840091e-02
5.532804170189172671e-02
9.978163381627670747e-02
8.189222087481182188e-02
8.791602134275519620e-02
1.020302982971596356e-01
9.170489100262245452e-02
6.557565935878637009e-02
9.603696705275839574e-02
8.780952074171145816e-02
9.305641035316729315e-02
9.688069602862212082e-02
9.045597089581540462e-02
9.163787499232216305e-02
9.768307581619622981e-02
8.413472541528482784e-02
8.226833660312343754e-02
9.872627391362155669e-02
5.955221173314870220e-02
7.391967060278216428e-02
5.874816986010585051e-02
9.904022135963248819e-02
8.208646436667821344e-02
3.665564903081860310e-02
8.488263343459685750e-02
9.121225572069886767e-02
9.210787266075831647e-02
5.402866127244020794e-02
8.208535145807864530e-02
9.297618489195103031e-02
8.551846731674034308e-02
9.533041496163369155e-02
9.390678723561377006e-02
5.306711259492869620e-02
8.096090351076322411e-02
7.518185705582342004e-02
1.019362214662711541e-01
5.209148948434433324e-02
5.665912067657596224e-02
6.930997643480030224e-02
8.607971115697869713e-02
8.914784471798253840e-02
1.038956683004771675e-01
8.700059690428559034e-02
9.970713056527838458e-02
6.687230379805725322e-02
8.915589458013840896e-02
9.575667612706949272e-02
1.030319578248680007e-01
6.301773809217793565e-02
9.084958270780289780e-02
8.604543613452221573e-02
8.112102892172624868e-02
9.513787597201164847e-02
9.335160538259636154e-02
9.033916600585828460e-02
6.766952415003726906e-02
5.479660397273380251e-02
9.643024945445677343e-02
9.086849955179589211e-02
9.858042362042346296e-02
7.849120094931830161e-02
6.348152434426410085e-02
8.590628871274220979e-02
8.274390285230166786e-02
7.450941856850869238e-02
8.542755108271109232e-02
9.210999615090396941e-02
