1.471267092671578181e-01
1.424672999260902517e-01
1.508808936444601123e-01
1.303061805211642443e-01
1.487346587694351463e-01
1.112216769638316866e-01
7.628102517011592365e-02
1.297364874088021425e-01
1.481311099206134019e-01
1.464530631812336059e-01
1.499998508750317039e-01
9.956796527479000458e-02
1.660068150005932219e-01
1.637097177239565937e-01
1.420680757449458154e-01
1.411918353523527181e-01
1.372188959119717555e-01
1.160144911597855988e-01
1.380234751532290749e-01
1.340131778907464044e-01
1.318476274200100495e-01
1.026857141196977352e-01
1.385678062349073592e-01
9.545995470896158352e-02
1.161403436143468304e-01
1.444051182775819009e-01
1.221627997377082997e-01
1.422653537722112504e-01
8.021985987769834903e-02
1.160835046064621762e-01
1.317541873804976282e-01
8.380796977370411072e-02
1.201100404431326846e-01
1.320163758242428598e-01
1.350657924518817166e-01
1.107970966391150502e-01
1.650110101416455699e-01
1.198563150969416680e-01
1.077910090382307451e-01
9.410284871221064051e-02
1.130179692622071963e-01
1.362314714633837964e-01
1.532910810290002979e-01
1.547184666043807111e-01
1.292170631453382901e-01
1.354501138866868737e-01
1.526290444660268752e-01
1.102018679777012067e-01
1.293466897094126267e-01
1.432172357711549715e-01
1.335675468488140005e-01
1.410452418850372258e-01
1.043306387620673847e-01
1.344487331049622481e-01
1.198599248165144043e-01
1.482297381526209434e-01
1.250136772512010497e-01
7.246618152680726899e-02
9.377941455081738320e-02
8.890825749724569349e-02
