1.101356889799151167e-01
1.475474961088589498e-01
1.288844624646184600e-01
1.289323335980937790e-01
1.385220852458090846e-01
1.501182577752827874e-01
1.518980045095253417e-01
1.090280556933807682e-01
9.832935517985226526e-02
1.286291137246396710e-01
7.956382342040113631e-02
1.296379539097894107e-01
1.018703889415767949e-01
1.524280728701901677e-01
1.402723069909020681e-01
1.367845265803901977e-01
1.126833358759319614e-01
1.392594219446599557e-01
1.046458150867345394e-01
1.183250301104600277e-01
1.398489233198314252e-01
1.418513809977576534e-01
1.458587617867098674e-01
1.194086181907487998e-01
1.313209034796363195e-01
1.438797833416390060e-01
9.751795060435228257e-02
1.264954486815102752e-01
1.359632816320630044e-01
1.069680168114322677e-01
1.415545017055886701e-01
1.454209177254191243e-01
1.377783403854414279e-01
1.307315375690209780e-01
1.092048158823667597e-01
9.329392182818833923e-02
1.248304984693426739e-01
1.387113006978651086e-01
1.438816277053830417e-01
1.261342445784590094e-01
1.314446937263311910e-01
1.374358122830061091e-01
1.303522783649595784e-01
1.410124452309588772e-01
1.553653641088457160e-01
1.271784682576961867e-01
1.221108815900854572e-01
1.319450276351011864e-01
1.297986237160821399e-01
1.329037432152321563e-01
1.387950449510256534e-01
1.044624008980181845e-01
1.387330291470461052e-01
1.112727735530326945e-01
1.133314687285756212e-01
1.422039198998116538e-01
1.430681475631893906e-01
1.511874958335914232e-01
8.598234296865697734e-02
1.187080469101728930e-01
