1.104474987602115515e-01
7.689157615710345839e-02
6.640041047854666756e-02
9.578280882902823201e-02
1.061142895504972178e-01
6.618341501604152466e-02
9.414211655403688372e-02
1.124259508154705350e-01
7.317227726183729575e-02
1.080010098521197864e-01
1.139177967628230703e-01
1.213379213576879917e-01
1.117369005370245083e-01
7.461911028947997016e-02
1.188630373680046870e-01
8.927742106296966684e-02
6.340589481413426431e-02
9.660580757714792854e-02
7.262490792903272818e-02
9.237364279516666055e-02
9.482890521275333384e-02
1.138029874201570563e-01
7.721486826731768782e-02
9.602936129098943452e-02
7.940829670915251770e-02
8.237716305808022443e-02
1.214522888250002680e-01
1.022475410352956665e-01
1.140068346664862842e-01
6.056160971425295775e-02
7.935344477240191541e-02
1.066503134470894731e-01
1.112582175808187468e-01
1.160733980169842972e-01
1.032661856671941991e-01
1.015085191037681245e-01
1.038509487805878984e-01
1.258428560885477554e-01
1.124653898198473417e-01
9.781616881467303237e-02
7.591892343743369964e-02
1.098209137572063315e-01
1.130281864154292770e-01
1.205363641191029705e-01
1.036165247966453623e-01
9.637346821421885479e-02
1.138733822105149479e-01
8.520916964725767928e-02
1.132908642006719008e-01
9.279235086800942389e-02
1.073018137290102647e-01
1.020808512804430995e-01
8.311125564750991568e-02
9.473707968288773429e-02
1.171624465994705877e-01
1.061362498275692234e-01
1.172988236509985849e-01
8.133020575350519143e-02
1.043869760645857875e-01
1.220104004779022366e-01
1.154335050797707374e-01
1.105374146964399201e-01
1.043614037620066021e-01
9.776903118046817442e-02
1.114291606609211088e-01
1.136957701596834069e-01
7.177555074471805852e-02
1.199492845094715793e-01
1.051099086604666416e-01
1.142449288079695757e-01
1.113048919118270752e-01
6.207409440666751543e-02
1.186759553878361240e-01
8.597759502759165506e-02
1.218974983386491850e-01
1.101950237033109542e-01
1.050657154173795377e-01
1.226791208156294000e-01
1.032578910538006628e-01
9.996763071676685597e-02
1.219599006847376238e-01
8.095737160757653095e-02
5.903614626370187052e-02
6.123034003617821436e-02
1.052099260496882904e-01
1.226811360809606510e-01
8.755500267048894891e-02
1.203253017439281786e-01
6.481575035952114039e-02
1.064562756500085500e-01
1.063564438478157154e-01
1.011816754480748537e-01
1.063892121892083265e-01
1.142088389500948431e-01
7.649792914159457557e-02
8.699001193312606850e-02
8.919867963745535533e-02
1.083217518629008835e-01
