1.850497926919994207e-01
1.948918612805817241e-01
2.065937633594315537e-01
1.672901310639006989e-01
1.981192682638512337e-01
2.109232960755894892e-01
1.995332604699330270e-01
2.103621629586497066e-01
1.699336795872334049e-01
1.941753958978268135e-01
2.131394620577725663e-01
1.764484922042426351e-01
1.569276044159638173e-01
1.787606397811967729e-01
1.579608299579104147e-01
1.979913632902877696e-01
1.024952838883229495e-01
2.007395058043812963e-01
1.373848532146048906e-01
1.965674434580586272e-01
2.011479719288549739e-01
2.055812067774021867e-01
2.117395999948737118e-01
1.093679779233653337e-01
1.968568933205409599e-01
2.866189637238504215e-02
2.025764617544995039e-01
1.900551537274059177e-01
1.723828321481488401e-01
1.764679321295248016e-01
