1.837090225184165038e-01
2.002185588079346545e-01
1.973247432580614580e-01
1.877540818392870459e-01
1.981274129213287383e-01
1.801309285925475345e-01
1.951689684669681568e-01
1.967563182314936432e-01
1.685826044105266097e-01
2.051548317847944614e-01
1.281810324362126496e-01
1.782273764581993880e-01
1.534385135209983542e-01
1.802125973852314045e-01
1.944738613014753426e-01
2.090868332511270633e-01
1.686207885326591605e-01
1.865321121048696962e-01
1.994192727046544267e-01
1.841095719418034404e-01
1.414234613781339134e-01
1.680367682862435874e-01
1.386327097380273543e-01
1.877533548881132885e-01
1.357964046983394513e-01
2.089826412521258725e-01
1.932827674927187767e-01
1.793041068882666456e-01
1.918656752269160548e-01
1.979243287000109763e-01
