1.637683118023976481e-01
1.514240636243004423e-01
1.431793615809255904e-01
1.554042047668627302e-01
1.545780353995863110e-01
1.500063385017713080e-01
1.407274210901721667e-01
1.367782281390758081e-01
1.566508885935398998e-01
1.345775440522909705e-01
1.603458701270707443e-01
1.514240164008044121e-01
1.527157326409714078e-01
1.333268683754476880e-01
1.453955069995200855e-01
1.572374558113866783e-01
1.176238135861194939e-01
1.336301173185423241e-01
1.197946966118556139e-01
1.494243930172121648e-01
1.355162467267306547e-01
1.338345436482085704e-01
1.353862364516455474e-01
9.684669819588333228e-02
1.169291768669167564e-01
1.153035706647243114e-01
1.454560280513061965e-01
1.573676608560865831e-01
1.338481032048831898e-01
1.353007627053030015e-01
1.262555015690625948e-01
1.316388131730735767e-01
1.227550353155948126e-01
9.080450937341569273e-02
1.407328683880731401e-01
1.179555773100425670e-01
1.457563648910012999e-01
1.119175458449040705e-01
1.335764853993287316e-01
1.322966803816796599e-01
1.223024232376641734e-01
9.498927237006191127e-02
1.044589114212407938e-01
1.345947225710713291e-01
1.092921023139938191e-01
1.051444602091237551e-01
1.323833806107793110e-01
1.241723604416267029e-01
1.038258200508481166e-01
9.568057433122878486e-02
1.314601659863262051e-01
5.801305447098605711e-02
1.222508460949215392e-01
8.514384448612205558e-02
1.008789231274303949e-01
1.342380989545174097e-01
1.041207757792316502e-01
1.117905509572576367e-01
1.063288023604563176e-01
8.357111337307725207e-02
