1.497370622623988012e-01
1.697764278383070702e-01
1.440856286305717548e-01
1.539451170757299148e-01
1.759541057117765539e-01
1.178045623273769327e-01
1.627220946597534301e-01
1.638047306668501124e-01
1.401853440706505305e-01
1.470538403662841054e-01
1.232757244787931333e-01
1.040729116164427759e-01
1.523340166328165657e-01
1.762408946652144759e-01
7.057660540027159424e-02
1.515967505237684476e-01
1.459414641936225832e-01
1.241499990297161987e-01
1.603019166471094659e-01
1.422106656664018365e-01
1.590725843796463312e-01
1.610318640704118953e-01
1.489835608462564132e-01
9.926508034442217687e-02
1.206071917746327354e-01
1.783791846032467265e-01
1.456347052079939308e-01
1.531344308888236694e-01
8.289365825899212836e-02
1.518644123599859619e-01
1.421995957412447442e-01
8.353146640416737878e-02
1.269287720354615179e-01
1.428960702743290734e-01
1.443600657673500542e-01
1.196081998900910964e-01
1.777019328356576056e-01
1.249454994574361044e-01
1.138622343551270316e-01
1.010645048694639864e-01
1.190272061645909485e-01
1.471403958621576025e-01
1.403572770163037664e-01
1.663900892696578426e-01
1.095910552817583178e-01
1.461411087284183452e-01
1.649431227664293065e-01
1.182112639930961301e-01
1.389384660776260827e-01
1.530968402803106199e-01
