1.912499300205763308e-01
1.668055013785213758e-01
1.564038836796990684e-01
1.784879533066196788e-01
1.786984695314807192e-01
1.720076419387302213e-01
1.488055303012071617e-01
1.412905886460915916e-01
1.825371440922925192e-01
1.426758072934607158e-01
1.873063855768442865e-01
1.742789826755949678e-01
1.684900528001062880e-01
1.368999762342708593e-01
1.616454134949897314e-01
1.830702626475635975e-01
1.061906370374252756e-01
1.413710212037195546e-01
9.787529096466052181e-02
1.729716298366369698e-01
1.473100011239530660e-01
1.406398466744526454e-01
1.364652009775222108e-01
4.080079260604523722e-02
8.573039523028895548e-02
9.042862900521106417e-02
1.581283034119458641e-01
1.825455887524386200e-01
1.436749682295632990e-01
1.477567353782046344e-01
1.195768508283048676e-01
1.329035556220003467e-01
1.051573008170836321e-01
2.487736038915185424e-02
1.511143124283663985e-01
1.105639497424022732e-01
1.620784650227662937e-01
7.975312610790263879e-02
1.393017562346680893e-01
1.361690477574365454e-01
1.076380842933446214e-01
2.244549495660225907e-02
7.120416458135518656e-02
1.352446702524573718e-01
6.389676800917491739e-02
7.258949135246103856e-02
1.397086192270543537e-01
1.182433468831980555e-01
6.375681174203948198e-02
3.497027418013285566e-02
1.215372504627704742e-01
7.143160825034842922e-04
1.078223537517501024e-01
4.974647440311105728e-03
6.372587907373139515e-02
1.389927381528602013e-01
5.944188243509004183e-02
8.444227933847564538e-02
8.573889000232813584e-02
1.431142794071454429e-02
