1.835920261910660434e-01
2.000671783158428918e-01
1.972079228059202827e-01
1.876213581701467736e-01
1.980082433070390335e-01
1.800051189222022507e-01
1.950453250642657510e-01
1.966089762794340223e-01
1.684803033599904520e-01
2.050119607990874560e-01
1.281050432785555970e-01
1.781082278998333823e-01
1.555275996840776165e-01
1.800975302502050013e-01
1.943406751237444496e-01
2.089350124987826574e-01
1.685214464264140899e-01
1.864245902287045287e-01
1.992825471909119295e-01
1.839982053656125938e-01
1.413389850706274764e-01
1.699116602092062556e-01
1.385427224028338844e-01
1.876221320447785113e-01
1.356951854119374801e-01
2.088406206858001435e-01
1.931412584339427807e-01
1.791703690474509281e-01
1.917228356983171622e-01
1.977784486648123952e-01
