1.209869521610435206e-01
9.909018260443190618e-02
1.010959678798457190e-01
1.078009639523485885e-01
1.147799008788657621e-01
7.350396050493512856e-02
9.049261219272196344e-02
5.917238647843967025e-02
9.240626628207886106e-02
6.788905137244084786e-02
1.116091281433694987e-01
8.886085650072440834e-02
8.699352087394336686e-02
9.019658351840954824e-02
1.008020160334261867e-01
1.231028666178653336e-01
6.576293075457789739e-02
1.052263855409652366e-01
7.470360538792453209e-02
1.188535198254911385e-01
1.254737257949938012e-01
7.649104988968616348e-02
6.270470732291452687e-02
8.469198257997100077e-02
1.207279576644293279e-01
6.984654546680318932e-02
9.146055281024491335e-02
8.842884859988950352e-02
1.164212359859667922e-01
1.067062603814609573e-01
1.088061896645304838e-01
1.075530488509210819e-01
1.132677109458807840e-01
8.329570574227293522e-02
1.182845886246596950e-01
1.135976882723495202e-01
1.333289436267600658e-01
9.182002108781042726e-02
1.165898751059511185e-01
1.238951823933989449e-01
1.084988206737943078e-01
8.368361754639180861e-02
1.241585394144228138e-01
1.253275775045001872e-01
1.159062053250863866e-01
1.119483018548233788e-01
1.111423848118592295e-01
1.102818274736578480e-01
1.138874916779652746e-01
1.170081258177801953e-01
1.256963268741643214e-01
1.159503817935387676e-01
9.169691677655664175e-02
1.180615610579350133e-01
1.045709290937436725e-01
9.226841726617572570e-02
9.825866901490637462e-02
1.153041756963741754e-01
7.798221445631599302e-02
1.171771883879225012e-01
1.154437764135812089e-01
1.153818847777349083e-01
1.098683400904390955e-01
1.132284843039444294e-01
1.111624798683730625e-01
1.090198780687582220e-01
1.189421654977737414e-01
1.061910529936083564e-01
1.259859259993798553e-01
6.878889379183752983e-02
1.232688592129694560e-01
1.186095905059345451e-01
8.501298080296630644e-02
1.126855311940769960e-01
1.114816468444147918e-01
1.207005773382222313e-01
1.243039644672807309e-01
1.239747577203466483e-01
9.312392595303649323e-02
1.138495297085422298e-01
7.632794653606593538e-02
8.887100583132249987e-02
1.246976890000005278e-01
1.171826302493598759e-01
1.075398415595590212e-01
8.118864617079099566e-02
1.063376572204183940e-01
6.388144886598752514e-02
1.277174331946657193e-01
1.056717269092811023e-01
