7.432675561699675360e-02
1.049456301490995641e-01
5.981905644088494206e-02
1.074878266560281986e-01
8.525818324419050243e-02
1.047890677826035649e-01
8.688926112038812544e-02
7.295023417374564556e-02
6.686825865997390872e-02
1.001903783546776172e-01
1.055921293951470469e-01
7.865780567148318581e-02
4.566647725360661880e-02
6.393050728566657126e-02
6.180820352300681053e-02
9.600040469405980714e-02
1.060934348312574382e-01
6.472020229774944067e-02
9.579759907801188579e-02
9.312110041087932888e-02
8.776694062373312233e-02
1.069061531157178557e-01
1.007626499529778313e-01
9.713231245394594870e-02
1.034503820798390455e-01
1.002824902506158911e-01
1.012871255954099353e-01
9.916176866506812293e-02
7.491577201732974034e-02
9.901989323897876505e-02
1.084796132558002446e-01
7.821781543927980307e-02
9.840750862958969059e-02
1.113639375642156704e-01
6.289185872814036238e-02
8.243219739090042186e-02
1.030865242141591753e-01
7.063223367619823889e-02
1.041463588102048282e-01
1.097338636727958339e-01
6.289450885116311396e-02
6.876784000194940960e-02
9.901129554274334943e-02
6.449611301856078560e-02
1.169671772127923587e-01
6.536088524531974420e-02
9.138371888216695327e-02
8.869242902399024353e-02
7.377226142442373791e-02
1.007613797318718252e-01
1.052231630512741600e-01
1.032006808455499525e-01
8.811071767273363775e-02
9.007448106804367971e-02
9.991901337638925407e-02
7.677759838243418400e-02
1.087634620827938603e-01
1.071136987701307303e-01
1.086926762055924339e-01
1.077436140424190836e-01
8.434877319696683362e-02
1.140074865886946676e-01
1.050197612722030965e-01
1.001822742779139297e-01
1.097052835611114913e-01
6.372946421587914745e-02
1.096332265980519832e-01
1.099147095913323019e-01
6.487819574907319198e-02
7.549187560331896418e-02
9.446626723698509087e-02
9.510127973558826775e-02
1.020206318129741330e-01
6.354819267189201759e-02
9.547096163828017179e-02
9.544568337572532923e-02
9.491347267015058653e-02
9.531831074724299302e-02
1.087495396549331694e-01
8.947882453721399398e-02
1.118841339304395971e-01
4.586971680291815345e-02
9.831305495266531858e-02
1.019317366899187838e-01
1.028463613661883408e-01
9.867176515222293720e-02
1.035884051873007666e-01
8.575904790328831018e-02
1.038953215817036702e-01
5.709154090499730244e-02
1.100414539269549824e-01
5.471740294140844951e-02
1.041371968833318395e-01
1.020754956887925946e-01
1.109150882063715954e-01
6.944193027881820357e-02
9.453997060870623914e-02
9.822912125936376915e-02
7.379728407960951808e-02
7.033996415040227879e-02
8.289195220010833753e-02
8.797864124386574336e-02
7.063318524124463649e-02
9.949425973235467846e-02
6.297151724876276502e-02
1.059285383098563932e-01
8.787366259667381274e-02
7.892758842172896416e-02
1.119331743061364459e-01
1.110777293112229502e-01
9.734664472284294823e-02
5.012710814212738980e-02
9.130087107337930830e-02
8.400791156915560220e-02
9.861345063013017553e-02
6.876995852044973101e-02
8.819772226099983903e-02
7.345822322041002661e-02
8.978984098248253554e-02
