1.184741992400315663e-01
1.108910516285128850e-01
1.379764447045105924e-01
1.292125310810091077e-01
1.206671118600762538e-01
1.546210577967449540e-01
1.204689717113104769e-01
9.733319076549325211e-02
1.098564257021778234e-01
1.212637003818437809e-01
1.622704713605630789e-01
1.517749484146688477e-01
1.085259827025892299e-01
1.486563210475282115e-01
1.276458272207473266e-01
1.170419376345849805e-01
1.558780428819999675e-01
1.162489890010652005e-01
1.500426232731953691e-01
1.595538912791778230e-01
1.467883160265111564e-01
1.318513808980997237e-01
1.399617632438528159e-01
1.574318152604591847e-01
1.549822745915810374e-01
1.450433932898624878e-01
1.461234033040768043e-01
1.422197179222809138e-01
1.431502223216628289e-01
1.414436578980666770e-01
1.547197233589558685e-01
1.564944399145926923e-01
1.586312087190505371e-01
1.613439598587253776e-01
1.519354286843371538e-01
1.549308741327232453e-01
1.414313756882544793e-01
1.635650099600158835e-01
1.624108777348119148e-01
1.516119816081447913e-01
1.567393518712063283e-01
1.625399309616098464e-01
1.653955650615263895e-01
1.447449080020435097e-01
1.423854872354143875e-01
1.133279884333509430e-01
1.274120052733437314e-01
1.474345417272468484e-01
9.610873679374333511e-02
1.296065168673434520e-01
