1.207816881581113555e-01
1.106414945304911995e-01
1.387274229427971073e-01
1.317117975552797859e-01
1.229154796986106774e-01
1.541383514292691548e-01
1.212129637601692261e-01
1.006721075162527318e-01
1.121842872723404633e-01
1.220479517043688705e-01
1.618173152030834283e-01
1.512955012780101693e-01
1.082680882291056079e-01
1.482773677931767120e-01
1.272836035986309178e-01
1.168069834761819303e-01
1.554406799316008503e-01
1.159392933492444516e-01
1.496034436022767311e-01
1.590754279611282518e-01
1.463749567203708468e-01
1.315281995617072208e-01
1.404673972325514719e-01
1.569688390411746459e-01
1.545330008618437945e-01
1.445890124985242664e-01
1.457095922453080228e-01
1.417992803507405197e-01
1.427144713819528121e-01
1.410830592596188093e-01
1.542202963523701398e-01
1.559835066200542797e-01
1.581626310324410756e-01
1.608272152719785741e-01
1.514879323999479277e-01
1.545272455572291592e-01
1.410129961267641008e-01
1.630684619308305772e-01
1.618815923051075412e-01
1.512051455002836609e-01
1.562732523399858187e-01
1.620825806618834131e-01
1.648982281985206799e-01
1.450846883227088768e-01
1.426925890510631068e-01
1.137732701964255383e-01
1.271045246934769668e-01
1.469857703592849785e-01
9.716054150417356705e-02
1.310899511689573305e-01
