7.423516756452108734e-02
1.047936271631264571e-01
5.997712575210151914e-02
1.073421990533946907e-01
8.516939126508453473e-02
1.046391053399020887e-01
8.688512716375759726e-02
7.310851030278982254e-02
6.789832254931217614e-02
1.002220190535519223e-01
1.054643430598595638e-01
7.871410822566052290e-02
4.822925909354244117e-02
6.420346928960220245e-02
6.200898597099957499e-02
9.587392341161897480e-02
1.060295376060003819e-01
6.475738515509739390e-02
9.569690880913538089e-02
9.312968796564968788e-02
8.765526599941082797e-02
1.067825917594868584e-01
1.006468773338336231e-01
9.701131929124810760e-02
1.033121372542337435e-01
1.001460083349434566e-01
1.011902566917512597e-01
9.902105799176955103e-02
7.484747209050060524e-02
9.889985797633259190e-02
1.083187116933421457e-01
7.815889979371044849e-02
9.838430657506386234e-02
1.112119009391983881e-01
6.322295439595870814e-02
8.234278647680529084e-02
1.029478881469061691e-01
7.102426560792586552e-02
1.040040958702599522e-01
1.095734459527737820e-01
6.312407178517547013e-02
6.869117927057681594e-02
9.887774639272395305e-02
6.484662453480193045e-02
1.167952688620083335e-01
6.533207009950219024e-02
9.139846883334111494e-02
8.865787835710348119e-02
7.382429393710986110e-02
1.008148297088820450e-01
1.051804070536162816e-01
1.030760137919296687e-01
8.799971998429156894e-02
9.006553160460042950e-02
9.987595410763530634e-02
7.667918206085473642e-02
1.086050111526022516e-01
1.069633881217244425e-01
1.085470768995086405e-01
1.076039656849519799e-01
8.422799546888914968e-02
1.139410709524661669e-01
1.048769980844097144e-01
1.000533961786120168e-01
1.095810446407083499e-01
6.456932291443948091e-02
1.094754204792743879e-01
1.097623247078396702e-01
6.482325067489172477e-02
7.541065104745671432e-02
9.446926562028983010e-02
9.532151571612523799e-02
1.018972967842095984e-01
6.366007740421744665e-02
9.534483941694488207e-02
9.532127344539055580e-02
9.508042461698236469e-02
9.528804483091067590e-02
1.086188533746301338e-01
8.938443589245548271e-02
1.117247827070819016e-01
4.798040778693433289e-02
9.818339427029328104e-02
1.017979264836336994e-01
1.027065971155289859e-01
9.859943996500189489e-02
1.034492208481538195e-01
8.602986386675706698e-02
1.037684244754612239e-01
5.775833365418077403e-02
1.098978325702463926e-01
5.558796013520596324e-02
1.039899163640856383e-01
1.019440113106956508e-01
1.108351272803500820e-01
6.964204489269706921e-02
9.454221522337803718e-02
9.810201535423766772e-02
7.370823277594293343e-02
7.027961553660627692e-02
8.297070558291168296e-02
8.813903195935648971e-02
7.072023727884499400e-02
9.943933020743897511e-02
6.417875281875259907e-02
1.059491809042917981e-01
8.809756357498672863e-02
7.885027872495402324e-02
1.118683099551072424e-01
1.109251179591566050e-01
9.719907331941177175e-02
5.046367890999693684e-02
9.118959026013971625e-02
8.408163164459503403e-02
9.848697892291838341e-02
6.908634044742387181e-02
8.822650762719790041e-02
7.385174586123355311e-02
8.977900485612411163e-02
