1.926172393283431816e-01
1.590874203946262833e-01
1.608033188415410875e-01
1.778310223849754734e-01
1.686992969630586037e-01
1.629517446216565413e-01
1.976825932392768381e-01
1.849171297582408169e-01
1.878470227273288107e-01
1.339553390301987945e-01
1.387168643292709669e-01
1.919155118669939319e-01
1.651855664364406950e-01
1.571756900109436694e-01
9.288285614337370155e-02
1.801929089585291577e-01
1.605700518573274782e-01
1.678145235267608504e-01
1.766440144348030705e-01
1.620238145219487225e-01
1.766758128386827220e-01
1.216658410165662729e-01
1.621240423260618679e-01
1.333568952281915798e-01
1.348928828315116846e-01
1.683072468920992215e-01
1.594372849950627946e-01
1.661465737628512462e-01
9.588946190346361864e-02
1.661783524954530411e-01
1.586756247476614479e-01
1.013320861860249056e-01
1.453607751510819501e-01
1.572416529031793742e-01
1.566719827578639257e-01
1.389921899571988362e-01
1.945487623980939051e-01
1.402841962813664023e-01
1.271575262246813776e-01
1.128031332372214368e-01
