1.840555170708957911e-01
1.934228351998463213e-01
2.057565309706939904e-01
1.668649410556324320e-01
1.964642517916089237e-01
2.090110408083163118e-01
1.976467243454161637e-01
2.074686231000432424e-01
1.704743180384545309e-01
1.915307683400718775e-01
2.111566821047188847e-01
1.797989713643905196e-01
1.581500569474752760e-01
1.762093761079410736e-01
1.609182835648211574e-01
1.971094086102636311e-01
1.172077849560342749e-01
2.007295615896721730e-01
1.396399052919118366e-01
1.947937495053010948e-01
1.994711441935546614e-01
2.037127169450660136e-01
2.097253475032299364e-01
1.235158967384362982e-01
1.942136601612485802e-01
5.808156790565373317e-02
2.008701845960484400e-01
1.885110444141106234e-01
1.755888761517057917e-01
1.756711437651370944e-01
