1.935435999298172893e-01
1.596730091184976608e-01
1.609642715794965540e-01
1.785290458172801575e-01
1.687275036334846545e-01
1.637293164677691981e-01
1.986437511181544657e-01
1.858446577830651092e-01
1.886851004451375047e-01
1.344426630274051238e-01
1.392147110030955426e-01
1.928871426276938250e-01
1.659914082797845081e-01
1.579094025746342611e-01
8.137183074406990901e-02
1.810436589332659885e-01
1.596614393709376578e-01
1.678915593698731001e-01
1.775254045690511095e-01
1.628000569110044371e-01
1.774812971843552079e-01
1.207448517449499492e-01
1.629004918025763748e-01
1.326469581515498097e-01
1.322722442152212963e-01
1.690035934571289533e-01
1.602531495633393865e-01
1.662021939755218003e-01
9.281428246053995135e-02
1.662354058702376625e-01
1.593678600843129733e-01
9.647150873143781058e-02
1.447196775170143113e-01
1.580295306579932169e-01
1.568521870219892200e-01
1.386662110264307024e-01
1.955268856298877367e-01
1.384632156226612287e-01
1.256192586885695184e-01
1.126207298406202983e-01
