1.478022685331621400e-01
5.096284209820955285e-02
1.519716689014392330e-01
1.740574341970906325e-01
1.545711957804385417e-01
1.123861799782483600e-01
1.969912799627661637e-01
1.004230984127519183e-01
1.532009331835025578e-01
1.853260699766793307e-01
1.120808245693285105e-01
1.820736591641211599e-01
1.761120610369017736e-01
2.816057223340541829e-02
1.791535437658398067e-01
1.272523795810976133e-01
1.988635794430156090e-01
2.105100900757432558e-01
1.133915502019112592e-01
1.181151398417177451e-01
1.885784971243462671e-01
1.723996486935208683e-01
1.892697990616567516e-01
1.844410932378355850e-01
2.103285007890100256e-01
2.166585288074611981e-01
1.103257197992933147e-01
1.805087047456667704e-01
1.848813994502964131e-01
1.471552299577452150e-01
1.443533780818319900e-01
1.172990743863367019e-01
1.795302240387526838e-01
1.660356290020571501e-01
9.318913717237918559e-02
6.860019936827936593e-02
1.901019601927914637e-01
1.910797768161245636e-01
3.515183594689962054e-02
1.840889260982358500e-01
