1.525805909397943416e-01
2.510302169731483124e-01
2.074114817670974498e-01
1.837076826911086258e-01
2.315413242776298008e-01
1.459744409994112591e-01
2.062729583223847918e-01
2.097078307577288914e-01
1.124615385457718164e-01
2.564843241617484892e-01
7.663482822791265782e-03
1.466034328897244388e-01
6.024442767851608677e-02
1.384947752576126956e-01
2.076100036844020225e-01
2.622059744743238663e-01
1.400815364957642695e-01
1.959306914489890028e-01
2.344629699982525017e-01
1.744407900298648451e-01
2.003303957020095144e-02
1.321405074145187430e-01
7.513701013144580276e-03
1.963410937960468061e-01
2.980310940300682707e-02
2.705707035523062798e-01
2.202825055231541485e-01
1.556452444225407961e-01
2.246569056412585363e-01
2.089062035713426524e-01
