2.522859501868390808e-01
2.536044755974666831e-01
2.834877256042044880e-01
2.570881917141388251e-01
2.385360050481161731e-01
2.589228845362059328e-01
2.509409494447639166e-01
2.463184647361487400e-01
1.121782387956324345e-01
1.099706178827622727e-01
2.416552741579274244e-01
2.751376523161507825e-01
2.639726513104013739e-01
1.993256539635598346e-01
1.512509460886259649e-01
2.532326581102889995e-01
4.251823093834312950e-02
2.510669366920204038e-01
1.480106999649182485e-02
2.402903076544375405e-01
