1.805758164921681397e-01
1.736698376556361501e-01
1.588563616247295751e-01
1.614171674390421085e-01
1.691237448748017513e-01
1.532995104795159824e-01
1.650042936094787416e-01
1.805998844312541873e-01
1.199148327135816233e-01
1.728635050364689119e-01
1.858740268488923431e-01
1.714632417435649758e-01
1.330961565127711521e-01
1.648406773208729581e-01
1.623648330545181540e-01
1.566194521322246402e-01
1.339578390335901259e-01
1.723037859322358034e-01
1.447051017374985371e-01
1.733151402032573341e-01
1.741428816898464849e-01
1.774483321369736688e-01
1.850591145739263754e-01
1.076586314520447812e-01
1.754616627087536573e-01
5.691712402796026554e-02
1.724741702072047633e-01
1.541296992515319153e-01
1.547925743415192179e-01
1.572261283868088555e-01
1.473371260863013121e-01
1.825709796177549527e-01
1.390275079137492098e-01
1.020774906072040716e-01
1.625734261261045643e-01
1.544615010235504682e-01
1.699134197343930008e-01
1.261732638387231265e-01
1.553447274228468011e-01
1.534042896202026662e-01
