1.108917067385562227e-01
1.293792819355352175e-01
1.242159806977832376e-01
1.100421385819914666e-01
9.983644404757681390e-02
1.141849623068367930e-01
9.538914462515556136e-02
1.069576528883693506e-01
1.118987611672240395e-01
1.232557230654736102e-01
1.281426534208958967e-01
6.422558070744990855e-02
1.277822093447266716e-01
1.187269450513049884e-01
1.155638042523110809e-01
1.054922759399861271e-01
1.187469888244937904e-01
1.273382708383488660e-01
9.318946099674607630e-02
8.109416340482779317e-02
1.075274489502863612e-01
8.000902255983741163e-02
1.287082843135606558e-01
1.194523491126636555e-01
7.583431602484541623e-02
9.574667323182281531e-02
1.139090173541189160e-01
1.303372575102920428e-01
8.322268900479781739e-02
1.285118209427301428e-01
1.116406122154719738e-01
9.920128875964016879e-02
8.240110584001532346e-02
9.808760648843287133e-02
1.226734478312410670e-01
9.579716704925053672e-02
1.186134585642504846e-01
1.034207485622917894e-01
1.084008146933070349e-01
9.776199033459842536e-02
1.214843934544058424e-01
1.316784813885055749e-01
1.212264352881577134e-01
1.290521459390123193e-01
1.161666004443961397e-01
1.132009469546450681e-01
1.251607021419785248e-01
1.234192733473417902e-01
1.124888245124725378e-01
1.355568221807814111e-01
1.397564918996814787e-01
1.026758901885518466e-01
9.514440093799197973e-02
7.681485186835761148e-02
1.328884985201989055e-01
1.320122890800027038e-01
1.220653050889138891e-01
1.235851699955167610e-01
1.234743747669787284e-01
1.139425305635593799e-01
1.257104530005674070e-01
1.280509536026262496e-01
6.838906610736311675e-02
8.724808640519017555e-02
1.151042922101401661e-01
6.895956517213165660e-02
9.792179224348200595e-02
1.189967223253917128e-01
1.119171379155868562e-01
7.945419379648741010e-02
1.300311020678936447e-01
1.203876319712196830e-01
8.001131283844356568e-02
1.264262325424068689e-01
6.003800590412170651e-02
1.049754384691497233e-01
1.332899401918823945e-01
1.208362210789817454e-01
1.203321574823032064e-01
1.202591599371213849e-01
