1.031694154426903293e-01
8.757624585587799049e-02
7.786869643921318085e-02
8.029030067033166018e-02
1.032447308466909325e-01
6.788270202564242184e-02
9.033016429499712840e-02
8.442325247465667926e-02
6.866403431840370497e-02
9.554989234487208660e-02
6.091946630607988217e-02
9.571609789548428393e-02
1.093740993930916311e-01
4.601761687992871747e-02
9.552425716370142872e-02
9.529769962699079222e-02
7.258352662500336394e-02
9.261372353532856816e-02
8.462978611690784303e-02
6.301526452799720290e-02
5.683177176979090778e-02
5.211080721887043077e-02
3.641677046270486162e-02
9.201930936651431248e-02
1.035194225742075702e-01
6.325729392478393609e-02
1.034866109009809770e-01
1.061382063427814965e-01
6.150665227176037309e-02
9.676928844784743466e-02
5.891733186990123078e-02
9.425649123198850954e-02
5.485336359265736289e-02
8.004298303417323179e-02
9.514024602810614017e-02
6.807077492883355230e-02
9.885284246669681640e-02
8.480469352951909567e-02
9.721293573382334963e-02
9.401185633507214146e-02
8.479030561139842825e-02
9.880066795154365811e-02
5.838662686814283936e-02
7.666443128827299391e-02
1.050734582605793860e-01
3.652612822845579393e-02
9.602595484950016136e-02
1.038735560620179521e-01
6.740862600901678658e-02
9.655731896461927644e-02
9.330593565071614026e-02
5.707582292420914499e-02
1.004489548681647415e-01
7.460444681814795698e-02
5.746176866903944525e-02
8.396006609655522201e-02
6.445774537027142148e-02
9.510231236658360510e-02
6.612021464852478603e-02
1.019425395821714486e-01
1.006862133078781363e-01
1.057132061695277570e-01
9.867754327011483972e-02
5.801350904875583053e-02
1.019309184965178083e-01
9.774424383392270321e-02
1.059806133738357137e-01
9.877336221478434652e-02
6.962305970634956320e-02
8.487122369266877908e-02
9.370103686064924775e-02
1.025146005220690243e-01
1.009395201756780741e-01
1.074531931378351346e-01
9.021952559336010591e-02
1.016074201308825309e-01
1.092594586120978206e-01
9.492432953021061326e-02
6.035832759195144254e-02
8.796162777749293171e-02
8.724844514778259952e-02
1.046794173158868968e-01
9.094848811749332851e-02
9.451975392143273369e-02
9.630178619043314181e-02
9.202825093305419535e-02
1.066773325565795599e-01
1.032532666919820791e-01
1.022797049183105794e-01
1.083204036245943025e-01
6.869362898354498814e-02
7.630103311063697602e-02
9.307152557065417886e-02
4.242068863444971999e-02
9.886124827186131003e-02
7.819580862100364294e-02
1.062055255767712231e-01
8.629410222340093417e-02
1.131135344643818263e-01
4.431305955444098804e-02
6.605729866307755160e-02
1.102824841776248316e-01
8.296166010211164510e-02
8.173616851611245626e-02
9.074366357450336373e-02
8.942159982156804021e-02
8.584152468273073544e-02
1.022153486305001080e-01
5.225061688574472035e-02
6.621262365731307720e-02
9.064357845754526799e-02
9.953826432107300282e-02
5.520612341316909200e-02
6.749123887943914157e-02
1.068707456253536747e-01
9.385427641174952373e-02
6.090437955106548645e-02
9.487328778177286925e-02
1.071025140320327196e-01
1.051834090615899747e-01
8.848620621331282354e-02
9.328246482875188206e-02
7.030982650468713124e-02
1.036676509916199251e-01
6.801635953798848555e-02
7.043289530887290872e-02
8.718720386837258696e-02
1.045891620618460832e-01
1.065660063096533078e-01
9.178510586253263437e-02
