1.488045824880253887e-01
1.686602252349673758e-01
1.432194509264888005e-01
1.535030328612818074e-01
1.749020756888201300e-01
1.189896869138380026e-01
1.617925691835647994e-01
1.628107419389946409e-01
1.393225121886043083e-01
1.461375634186479755e-01
1.226752801522352498e-01
1.057045637983502484e-01
1.515162740682587383e-01
1.751099518668690347e-01
8.191103575993723129e-02
1.520760932001468113e-01
1.462025648783845111e-01
1.241134691234091342e-01
1.592631327740007541e-01
1.428366050950497235e-01
1.581344950867624999e-01
1.600537602115722768e-01
1.480294049011315338e-01
1.022672026337963364e-01
1.232371203168133866e-01
1.772310197492250883e-01
1.446757931584783941e-01
1.526920223699144152e-01
8.618815368218080142e-02
1.514608947222921276e-01
1.413902383808118002e-01
9.016805454525837760e-02
1.290689653696285577e-01
1.419721807846653083e-01
1.438589560461896177e-01
1.191109150360095958e-01
1.765632187514329932e-01
1.276891984697957894e-01
1.146810030832247224e-01
1.010043789503336370e-01
1.205901941058356575e-01
1.462661985318603197e-01
1.411471606148976266e-01
1.655332553846478594e-01
1.100648772359631017e-01
1.452408555837752802e-01
1.639011298796916039e-01
1.185342376897904754e-01
1.383721097167655845e-01
1.533617010828335347e-01
