1.490360074968820059e-01
1.689412918376315687e-01
1.434515061665025959e-01
1.537684832664156787e-01
1.751609706395290122e-01
1.191609868805588029e-01
1.620214679677900449e-01
1.630474238282945409e-01
1.395313409415120109e-01
1.463569436722056694e-01
1.228006338545935827e-01
1.058287556549240421e-01
1.517122490887584663e-01
1.753841726955920888e-01
7.644496991508112349e-02
1.523283580855374075e-01
1.464541389807267613e-01
1.243015375407505868e-01
1.595199737084541658e-01
1.420959908803701155e-01
1.583646858110490385e-01
1.602985957549024620e-01
1.482657747535178483e-01
1.023766449361067782e-01
1.230438062359789225e-01
1.775288253472820099e-01
1.449135779369323251e-01
1.529533408012991591e-01
8.487612611839671917e-02
1.517114473067241454e-01
1.415871524348055188e-01
8.781588068020691751e-02
1.292487166146851774e-01
1.421969892727304730e-01
1.436478111963608306e-01
1.192186954083464395e-01
1.768495881033559092e-01
1.268949802913876546e-01
1.138722190173315080e-01
1.006322382484581002e-01
1.207399996846387491e-01
1.464727969617491687e-01
1.403783435040995842e-01
1.657506575516857206e-01
1.102184896262372316e-01
1.454600713292969472e-01
1.641622153997479017e-01
1.187099288710267014e-01
1.382181028862201622e-01
1.536223749373788194e-01
