2.014184021783879952e-01
1.886964003370041054e-01
1.674724742405245270e-01
1.822694463377317609e-01
2.021653461560261600e-01
1.925482234284315586e-01
2.072679136572980474e-01
2.197134432632549539e-01
1.763281928264350817e-01
1.899344211428142526e-01
1.550446956510741769e-01
1.829829249324407547e-01
2.240547375725836510e-01
2.240790871632178383e-01
9.826261438025714334e-02
2.049303564825184776e-01
1.808691829990177469e-01
1.937765691536941504e-01
2.098126965170178937e-01
1.281369615315838817e-01
1.551972076212553286e-01
1.417173132961552229e-01
1.805943913357404007e-01
1.492101935261796741e-01
1.572390158254821368e-01
2.094304274332597082e-01
1.836886776809475985e-01
1.894639455066905454e-01
1.084419258718338913e-01
1.920644937224823268e-01
