7.187050410705073111e-02
8.317713871955823013e-02
1.094648182694019090e-01
6.688347639890002139e-02
5.623051686561551105e-02
6.243049808954130586e-02
1.065419385005578756e-01
1.016786661542534442e-01
1.138794336161104565e-01
1.147164126064050271e-01
1.093770224581562672e-01
7.616588689667577738e-02
5.886224698845502618e-02
6.365112192238119027e-02
1.125864134304427194e-01
5.245411291364857065e-02
1.139740487447612610e-01
8.532095805940741184e-02
1.077294026033065732e-01
1.136805485612903260e-01
1.157198569813227551e-01
1.158623617015093615e-01
1.011017644412333383e-01
1.079118907341699712e-01
9.285554150204819446e-02
1.104511781163857315e-01
1.180713257040933856e-01
1.008547242372126174e-01
8.544510619187084544e-02
6.467541291275960558e-02
9.018961832652568067e-02
9.826296754028160385e-02
8.219911396238957502e-02
7.735333381254852481e-02
8.449789963858687913e-02
1.089075473678322026e-01
1.048878931192049474e-01
1.064467001166274351e-01
1.135212835598593539e-01
9.614091637541816171e-02
8.981199724067263912e-02
7.928594599810735721e-02
1.007506604085339486e-01
1.060921630943151978e-01
6.402286464725749637e-02
1.098537599041172624e-01
1.141893506090837923e-01
1.061542437063836136e-01
6.881870108011527154e-02
1.029089991069214310e-01
1.092963828723906017e-01
1.105726581394928798e-01
7.851452893816826539e-02
9.289601746195891296e-02
1.088013762401792150e-01
9.933363451638017871e-02
1.181890104453710288e-01
1.137484069431240336e-01
9.894251734879770666e-02
9.143663539235982740e-02
9.897585012636395119e-02
1.105604036948706209e-01
9.540882447925426446e-02
1.024234644354661827e-01
7.658355685824116965e-02
1.136466614978045575e-01
1.207341735554621764e-01
1.007621645404586652e-01
7.380305083858514081e-02
1.019030473009420179e-01
1.127623059174492348e-01
1.039779205509940990e-01
9.044588533576564116e-02
4.568798179438125079e-02
9.760895789199210137e-02
9.971411417561490409e-02
1.140387913497555861e-01
8.264176601009995404e-02
1.052931977181896517e-01
7.567030635454394250e-02
1.026843567258891032e-01
1.036592352320477861e-01
1.100959243750866956e-01
7.783959180935956512e-02
9.829563610720906675e-02
1.057832433756348417e-01
1.095173054841084570e-01
5.869895482860410657e-02
1.125023403479751549e-01
6.673602855350441176e-02
1.024927056235507006e-01
9.919299138740746147e-02
9.005309444697805199e-02
1.041626019891944283e-01
1.167348920261498391e-01
7.799255740474472787e-02
8.892907688891939222e-02
6.650547043744992060e-02
6.922819643352334795e-02
1.049284610242384175e-01
9.964582327385634875e-02
8.711037331431634168e-02
1.150955268993738706e-01
1.038266056409744842e-01
6.819508857193914975e-02
1.063058985759496172e-01
7.945519232807991827e-02
