1.396468388252404824e-01
6.984344866506178584e-02
1.099908304165901135e-20
5.776575696568290313e-02
1.006804098287920890e-01
1.087878237614476190e-01
7.414686404999648595e-02
1.225005283569891995e-01
2.868484063908880929e-03
1.511345416542000386e-01
9.214437543325897095e-03
4.925169847263157624e-02
9.563811321936176169e-02
8.705872770651466863e-02
1.133833659746668124e-02
1.009157279484289554e-03
1.157795144183225711e-01
4.400912456644440673e-04
3.649761449199898913e-04
1.186195599948176166e-02
1.473492243238162525e-01
2.698886488274474839e-03
6.988605044754789275e-02
1.491915743485782153e-01
2.842803936043121135e-02
1.073016404870809001e-02
2.948951071226329698e-02
1.206492260266881222e-01
1.073531844940564667e-01
1.116281500313020952e-01
3.522714734127927426e-03
3.965826659071403082e-02
1.075858361791991180e-01
2.546137873431014655e-04
1.368767274739816353e-01
6.447668956651939065e-02
2.442720857729893669e-02
9.893097981202013391e-02
1.252059299446519336e-01
7.061508220200529706e-02
9.290793821405419692e-03
3.783199867444529685e-02
1.188134142342616301e-01
6.990355495087997688e-03
4.725528668933201906e-03
1.202228843978841721e-01
1.327049460380535714e-02
7.168411355447695983e-03
3.985948191131999385e-02
1.605351309373648228e-01
1.120262703150081557e-01
1.061563506244919408e-01
1.436088411300882606e-01
2.658488832498860730e-03
1.002832825185138443e-01
7.590378070206355021e-02
2.516054629714687893e-02
1.462027176499610392e-01
1.889389617489891163e-02
1.096301738181401780e-01
1.183656325167419116e-01
1.069440293959417615e-01
4.636570911739876233e-02
9.944901628825081330e-02
2.061007474356176677e-02
1.202832800380184280e-01
5.451720926540661732e-02
6.702441073925032022e-02
8.103820909928616256e-02
1.508712992682861853e-02
7.494179371541315193e-02
6.901124752904908011e-02
7.955486005110155856e-02
3.218609404511887234e-02
1.339659499343578627e-02
9.922565750673589813e-02
1.044752424899364068e-01
1.201768114560568257e-01
1.151953953644132972e-01
5.070013200769096090e-02
3.953885042852251647e-02
9.214954653898273229e-02
1.419237205242648327e-02
1.144705452846381949e-01
3.443785100324274484e-02
4.965243230565875680e-03
1.043430034255108524e-01
1.052373761999357005e-01
1.031649181101609442e-01
5.694626749870955462e-02
1.390179943201951818e-01
1.364415414745102917e-01
7.675821766648759092e-02
5.219825031483031445e-03
6.100454195748810510e-02
8.902861622851883372e-02
1.051235533888527918e-01
5.305588592911002343e-06
9.187506673110802657e-02
5.644299297008004840e-02
8.153827987050410453e-02
1.117970237164544467e-01
1.179107854909015041e-01
5.933020414189959027e-03
1.199418079723874503e-04
2.374311349786199614e-03
7.569120232252822544e-02
1.200020458156004257e-04
7.121571346879476683e-02
6.996715385966634226e-02
4.720911573349573925e-02
6.045573958257995789e-02
1.521883953451519736e-02
8.473769466612028622e-02
1.151348990008103403e-02
1.116030114675186230e-01
2.543232515493551362e-03
1.080613989775740247e-01
1.986810596520113131e-03
5.309158424773004897e-02
1.227574956105389747e-01
1.282733683953525550e-01
7.617010128029469418e-02
1.062868806058664406e-02
1.590733744100425728e-01
8.215822073847399432e-02
1.260327057306881715e-01
6.007224936761489109e-02
1.271006681535648830e-01
1.045966462248370948e-01
8.705316362213398433e-05
1.438569566463228644e-01
1.285934150050974667e-01
3.882908124636454128e-02
1.095437014557791300e-01
8.569506595938851390e-02
8.799043070139232758e-02
1.416277944288865942e-01
