1.109821772261467832e-01
7.508692075509774966e-02
6.320224962233235433e-02
9.595027787777860029e-02
1.067197105138607272e-01
6.387716080246017003e-02
9.393121216802799434e-02
1.130760168322299253e-01
7.284088566961444133e-02
1.086199211714490992e-01
1.145594501764625600e-01
1.220950365033276891e-01
1.124142201140875125e-01
7.357759260488390407e-02
1.194376291321515710e-01
8.876737440969191539e-02
6.141041904647462357e-02
9.654318971225470114e-02
6.916323923874137525e-02
9.284380806482402104e-02
9.353755531793876699e-02
1.144409386433927062e-01
7.619047574420052815e-02
9.565314454322955406e-02
7.743834648740910431e-02
8.196683038524117670e-02
1.220498393313752816e-01
1.025800752567255780e-01
1.146591358287599727e-01
5.514945608240608838e-02
7.920928425742806978e-02
1.071742363526786701e-01
1.117341881251518038e-01
1.165257700899260673e-01
1.033298994504079638e-01
1.020384065019991071e-01
1.041861465343205256e-01
1.264363492091767904e-01
1.129371306589019436e-01
9.782793879451326391e-02
7.489558177838798181e-02
1.104475301048316316e-01
1.136633383557163202e-01
1.208572717261392621e-01
1.037094871183828343e-01
9.691248649772749024e-02
1.145266649774587392e-01
8.563797814441892475e-02
1.134594224235266485e-01
9.275833539190789234e-02
1.073171581071820091e-01
1.024296977445459805e-01
8.137987532682189329e-02
9.428176848015311362e-02
1.173568821736774292e-01
1.060638625412450992e-01
1.179213055754971817e-01
8.098462866398309368e-02
1.045138477036042374e-01
1.225616982505536856e-01
1.160470297515678456e-01
1.110628495255656656e-01
1.040770322995861058e-01
9.713335832733113739e-02
1.117047399287165732e-01
1.143221202698945504e-01
7.073287175401574145e-02
1.206800096297138275e-01
1.047534015739637753e-01
1.149124098093277924e-01
1.116978594989749274e-01
6.023883007378694893e-02
1.193706874827850373e-01
8.583084399905911710e-02
1.226090981085004444e-01
1.101634292002051790e-01
1.056420051747060940e-01
1.232272964489596612e-01
1.038646567029884588e-01
1.003936334179148099e-01
1.224951657774926567e-01
8.111759759007823589e-02
5.383328604626803210e-02
5.802816407317999692e-02
1.047571688167300979e-01
1.234243276819650820e-01
8.777196042119810027e-02
1.210076674495285248e-01
6.235603647708023306e-02
1.070055740705552899e-01
1.064463886823518585e-01
1.005020231586441909e-01
1.065297756019591563e-01
1.147379934540704999e-01
7.588018282148571714e-02
8.742628032801684490e-02
8.957605092832167382e-02
1.086342362176942883e-01
