9.788821879828768502e-02
9.544874327476998710e-02
8.034064682402086710e-02
8.609579870191667872e-02
9.843901664617837888e-02
8.386866476232487932e-02
7.564426445948993494e-02
1.001959770314010956e-01
5.171370495417108165e-02
9.674065811387846936e-02
4.534844842127128822e-02
8.201220319791859004e-02
4.320079681319830001e-02
9.475721046810849091e-02
6.200153659030428754e-02
8.112208205200117928e-02
9.579147880389364544e-02
5.399465101113491705e-02
5.284984184513203537e-02
4.582057937871988201e-02
5.994138627340180742e-02
8.773281795693746443e-02
7.013501890911597036e-02
1.002782233057668004e-01
5.815209913689697863e-02
8.341138937364653283e-02
5.126295326842655875e-02
3.189029305078743687e-02
8.573604518248056916e-02
7.786210265570592259e-02
7.490560711663957205e-02
9.606820016133578444e-02
1.015792589533851958e-01
5.398752084678164892e-02
6.570618543012463064e-02
9.671173271927901993e-02
5.291576649634963797e-02
1.010958520339177158e-01
7.168977833795103782e-02
7.548734016142320813e-02
4.257800764638681318e-02
9.861756045546649085e-02
8.990566421437069800e-02
8.044832248960251397e-02
7.864990302238400455e-02
4.006728051503759269e-02
7.605925630785831393e-02
8.035442137507022020e-02
8.311515961278440057e-02
1.011054108394983941e-01
5.969474806607505402e-02
8.527330943737236602e-02
6.556911408170816580e-02
4.800751746585693591e-02
9.198033878788529349e-02
7.264181949353580581e-02
1.006613215937703920e-01
3.035684299381098683e-02
5.484676156443340361e-02
1.037145611957426689e-01
8.296974103145945967e-02
8.962133092647997512e-02
9.101644496335968559e-02
6.589926509206675553e-02
6.129091486475583828e-02
8.625563835609990904e-02
6.292560374444310101e-02
9.835044291675706929e-02
9.283734375509031245e-02
9.727091142896802933e-02
9.425100140999118081e-02
1.035313307527225418e-01
8.551009989995171645e-02
1.021125968892820507e-01
1.044076094944887956e-01
4.455175258241940439e-02
8.662320399643037849e-02
6.982350301503387202e-02
9.636646122068777409e-02
9.059026840685020787e-02
8.103855694840603197e-02
5.121269055519792057e-02
1.010854437767778058e-01
8.116274586951703618e-02
8.777043484569314880e-02
1.034285278818195264e-01
9.268085822896991732e-02
6.380211214902632710e-02
9.766937299100682257e-02
8.927873751957726700e-02
9.383304455318036696e-02
9.764024680903700404e-02
9.128484433280149857e-02
9.228582721719966186e-02
9.897313957885170432e-02
8.448607266358862389e-02
8.175631978562328261e-02
1.000790728552271996e-01
5.812279389001190344e-02
7.330226851881289918e-02
5.651783172134972055e-02
1.004677999601977789e-01
8.216245520910282762e-02
2.519716929353171125e-02
8.598589491783668881e-02
9.204021839672822669e-02
9.335419317036153242e-02
4.867554440640546598e-02
8.243746917525664186e-02
9.370222252446923361e-02
8.552911349468921010e-02
9.681397947372687163e-02
9.489447428803465812e-02
4.535203662381633027e-02
8.153174863329006039e-02
7.406009585032992393e-02
1.037212291793638691e-01
4.605065064284502574e-02
5.576356837791805049e-02
6.702602605876406550e-02
8.750718121826411844e-02
8.938249600015538143e-02
1.055210208262268023e-01
8.749050800380772652e-02
1.013346634295668597e-01
6.473047188987963996e-02
8.981272642042482934e-02
9.726541543602965079e-02
1.041754016528443627e-01
6.066102106929836119e-02
9.147502540803081894e-02
8.640580499404659776e-02
8.128776439956128530e-02
9.581287347649646013e-02
9.401278306098791171e-02
9.165205572280711588e-02
6.705150784202708325e-02
5.260409203585655891e-02
9.794745110568568724e-02
9.145351602994734874e-02
1.003164827921972091e-01
7.820516133236986300e-02
6.228491937659769856e-02
8.679657289189843250e-02
8.359580543758353410e-02
7.362821447126739749e-02
8.559981170127736738e-02
9.355687447659750966e-02
