1.382382137132733002e-01
1.713220036999926754e-01
1.526268338128532465e-01
1.486179070755967169e-01
1.600248010172175273e-01
1.535913720269250771e-01
1.726547858610945618e-01
1.671028931761161795e-01
1.115296777751632051e-01
1.443826554844480914e-01
1.646560621556207582e-01
1.597585958042245236e-01
1.598820204879123630e-01
1.413808707097771455e-01
1.491563105293241265e-01
1.462823761143050016e-01
1.245998099338319343e-01
1.604118991399545169e-01
1.338398941722791780e-01
1.415251295298352585e-01
1.200059589538882143e-01
1.436551513463107388e-01
1.707850506164854676e-01
1.008168375884350848e-01
1.615528201124327157e-01
4.741082555142147464e-02
1.559937334498193440e-01
1.432683513190898816e-01
1.431230648844268871e-01
1.438029690947144057e-01
1.335820076483332230e-01
1.685400187963268792e-01
1.279202112441466255e-01
9.339134379833523292e-02
1.509227561091131542e-01
1.414369825518755619e-01
1.559137663382931249e-01
1.143315143706610804e-01
1.430109747705800849e-01
1.405386231517196105e-01
1.593225888425428005e-01
1.457243864326308036e-01
1.089665547156368069e-01
1.425267735055516516e-01
1.153121932271239242e-01
1.100392772764153260e-01
1.420234366672671611e-01
1.337804024083447951e-01
1.118079747658155126e-01
9.841822761736013225e-02
