1.211457676584606069e-01
9.876538284580514693e-02
1.010278570936788273e-01
1.079285244020919132e-01
1.149217498014242500e-01
7.168582246111683542e-02
9.056241949356473586e-02
5.897612670072163027e-02
9.191566070753788564e-02
6.732498418167751075e-02
1.117657324469504276e-01
8.876690587533238308e-02
8.704785605478856936e-02
9.028819746549486547e-02
1.009185384999149171e-01
1.232718253098488287e-01
6.499166851799011158e-02
1.053471216853505005e-01
7.415118045573457217e-02
1.190134111561050867e-01
1.256283743287134880e-01
7.634297849118674983e-02
6.044681248843173510e-02
8.464662672712093550e-02
1.208749271180447477e-01
6.976929747918771130e-02
9.138167770219299268e-02
8.819359324439900172e-02
1.163655184282278848e-01
1.068292774117789307e-01
1.089369828989982386e-01
1.076565897156242929e-01
1.133769425269875591e-01
8.298351456582291064e-02
1.184252658696902660e-01
1.137268653749116676e-01
1.335035480681363018e-01
9.176308544460512473e-02
1.167316808442586257e-01
1.240501982219229804e-01
1.086193460825869289e-01
8.372385905662818595e-02
1.243037880092751207e-01
1.254875959685443076e-01
1.158950180571748367e-01
1.120803019355751939e-01
1.112736286839178385e-01
1.104062001018385752e-01
1.140158286686728806e-01
1.171698072532890017e-01
1.258485366937551753e-01
1.160985688821400963e-01
9.177990827247874128e-02
1.182054333040522126e-01
1.046771577656099156e-01
9.236534495533289812e-02
9.804547479097236451e-02
1.154381813047551802e-01
7.805423564376119672e-02
1.173315484777969486e-01
1.153718805115721141e-01
1.155130059888098276e-01
1.098293940042250755e-01
1.133790629934789129e-01
1.113156152193356813e-01
1.087942652629690921e-01
1.190864468077142690e-01
1.063260547097589631e-01
1.261579982053792626e-01
6.832361205956957728e-02
1.234074824020412187e-01
1.187501421989017591e-01
8.485154574879302802e-02
1.128275496857495674e-01
1.114077418927916646e-01
1.208576748831976660e-01
1.244791228747002959e-01
1.241067894892308454e-01
9.299316869895907223e-02
1.139817605599210276e-01
7.567070669445805087e-02
8.895461543105684377e-02
1.248635287770996083e-01
1.173256795322831642e-01
1.076746005787760918e-01
8.082639925412118953e-02
1.062727598544387642e-01
6.235335352319621577e-02
1.278882864131699881e-01
1.057962644046559486e-01
