2.635328973384646889e-01
1.280139335657438093e-01
1.610211316598136599e-01
1.924230531375564768e-01
1.891754538417529663e-01
1.582866080195890479e-01
2.770690995553536928e-01
2.451095382453545302e-01
2.146060714450174489e-01
3.652537578993662187e-02
5.244543853883094908e-02
2.610451108073586490e-01
1.636198633461484753e-01
1.519335604408287022e-01
1.249800060791448874e-13
2.088527922654214164e-01
1.545182556059867540e-01
1.655562555068559871e-01
2.225489301127862585e-01
1.524974492848370222e-01
1.941396228243248145e-01
1.724893854949248115e-02
1.585216711890350683e-01
4.395845184473713696e-02
7.018640581826229852e-02
1.709133016782685976e-01
1.445865674158459957e-01
1.678670048122342384e-01
5.901181665801515618e-03
1.557779887337811808e-01
1.313381024561318111e-01
1.707149255200064372e-02
7.521325016159788324e-02
1.339947650236237575e-01
1.462652494241424017e-01
5.398052276694733503e-02
2.626235959291377542e-01
9.803137983597344507e-02
3.283442683006705665e-02
1.249800060791448874e-13
