7.226371086708598124e-02
1.068788486195344778e-01
4.959285926358393548e-02
1.103081268620477451e-01
8.427507616592982975e-02
1.070768008351566797e-01
8.629823152736167124e-02
6.864418241737013648e-02
5.922670819171139966e-02
1.022440932876568787e-01
1.082084207746977778e-01
7.894068683214709725e-02
2.713519926057133061e-02
5.399405439910172355e-02
5.468493260367501829e-02
9.657099428547388786e-02
1.079010646555465941e-01
6.208909778392170120e-02
9.799155995644809325e-02
9.268945689690863410e-02
8.897315024813978734e-02
1.100975919803377778e-01
1.022706147462413562e-01
9.736484224421640410e-02
1.058323125196909548e-01
1.016764066796144589e-01
1.034751630473975392e-01
1.002080298792230595e-01
7.493946863901317090e-02
9.982852200182718017e-02
1.107278746363129368e-01
7.599514421131689512e-02
1.000693759361004354e-01
1.142103627716662267e-01
5.520766007133328518e-02
7.713285602075020675e-02
1.051445562179391252e-01
6.746263440494840169e-02
1.069522999780488093e-01
1.129825611736859081e-01
5.708047400297395352e-02
6.389765871608438230e-02
1.015098571254311605e-01
5.704197495388430711e-02
1.203351652999840177e-01
5.807013971591834522e-02
9.114601634518926243e-02
8.740972097797035378e-02
6.915825338449900495e-02
1.029768363156978173e-01
1.068152974538054134e-01
1.060630347534330942e-01
8.857506591313350774e-02
8.948309350240929438e-02
1.011409899982664423e-01
7.416433755848929332e-02
1.116102693087355907e-01
1.101358508129602898e-01
1.115941295301604991e-01
1.112687325746653244e-01
8.375585790520599649e-02
1.172377759681944853e-01
1.079092487404485212e-01
1.021391019973929559e-01
1.129853582593149941e-01
5.670099379316510813e-02
1.122824573917088342e-01
1.128615823683142005e-01
5.245326957003482865e-02
7.484641376299923377e-02
9.463692324005451573e-02
9.582838763032677787e-02
1.051987318206797917e-01
5.622266222138976033e-02
9.723950648779623729e-02
9.648935041337103335e-02
9.672429131058168927e-02
9.547301332088926895e-02
1.121156204056611150e-01
8.985216417894666130e-02
1.153839249307106879e-01
2.779518442432539135e-02
9.965306077320496003e-02
1.048442045628495412e-01
1.048758225220036283e-01
9.969022874707750281e-02
1.063669607702040221e-01
8.268256503776026667e-02
1.071878500132192463e-01
4.531788367328486167e-02
1.136357056037688856e-01
3.783076805641596291e-02
1.068193469926543154e-01
1.034694450031612145e-01
1.139065262644133186e-01
5.993901752918701781e-02
9.552908884862235106e-02
1.006840340058321598e-01
7.134872627895730290e-02
6.600117998071146352e-02
7.989374054416654991e-02
8.683617626711155613e-02
6.501921175468343417e-02
9.964361536411382725e-02
5.640242120030146411e-02
1.089802581546903681e-01
8.633525207570003079e-02
7.371484596124548705e-02
1.153948425494437935e-01
1.147595785055226802e-01
9.954926998132421212e-02
2.922967291836756423e-02
9.342545956775229199e-02
8.106422531599716264e-02
9.975548997640329429e-02
6.305926849745786822e-02
8.731755555879223973e-02
6.753257524151502766e-02
9.007954343382544582e-02
