1.929660597907553454e-01
1.592881220710792300e-01
1.603904810064108732e-01
1.781056368086625097e-01
1.681877210503957831e-01
1.632402721238347953e-01
1.980602501621797351e-01
1.852781426855630298e-01
1.881727913936432350e-01
1.341318150442322721e-01
1.388952393576244893e-01
1.922782547998111435e-01
1.654906003266087555e-01
1.574776862159281698e-01
8.758705389438532773e-02
1.805038119275838016e-01
1.608917592117478368e-01
1.681531616136041907e-01
1.769812574763618140e-01
1.623119702246327845e-01
1.769851814585395589e-01
1.218677688029687206e-01
1.624145527564483105e-01
1.335882591414114251e-01
1.345966911746108996e-01
1.685703634648232918e-01
1.597461018519719389e-01
1.664819765480071989e-01
9.410444528578294776e-02
1.665029874708649216e-01
1.589465080189363111e-01
9.899109959557769733e-02
1.456113249971501267e-01
1.575353081533649724e-01
1.563487908159084117e-01
1.392475065424081671e-01
1.949220347323978031e-01
1.391634640714873028e-01
1.260370318249188493e-01
1.123032111909347125e-01
