1.716629742353816268e-01
1.577269109426230331e-01
1.483111279083625944e-01
1.627963535664113115e-01
1.616138936932441372e-01
1.572559881406939697e-01
1.455587098255600453e-01
1.392235993550712259e-01
1.647323084215197297e-01
1.388560194752713195e-01
1.678667547801065418e-01
1.580853121179893184e-01
1.593393535836178376e-01
1.332981981651352732e-01
1.522538763552475083e-01
1.653223922875140250e-01
1.177250466905117310e-01
1.383334367266794707e-01
1.159932741582949123e-01
1.559873451657168841e-01
1.375893513165783177e-01
1.384200846642930915e-01
1.393618432458861023e-01
8.065077798056227709e-02
1.090865123466621539e-01
1.119207047812405820e-01
1.509491839956234593e-01
1.650264610799680731e-01
1.355830723371229396e-01
1.382051547184708351e-01
1.221490341399617263e-01
1.301492453004637340e-01
1.160916743311072308e-01
6.024275859588673621e-02
1.459774643295996543e-01
1.187517281969448779e-01
1.518995622650037292e-01
1.041275720871546878e-01
1.379043748998141083e-01
1.342615147204681003e-01
1.241243474650091938e-01
7.586812239603654695e-02
9.683739161217135016e-02
1.383249138649529919e-01
1.025436289849621929e-01
9.203449078795440663e-02
1.351053421818477762e-01
1.208458181477551630e-01
9.556977210867244332e-02
7.179908908850378413e-02
1.292947257402568828e-01
1.757026310370454758e-02
1.249214302196927223e-01
5.201298401504809293e-02
9.045925937238936954e-02
1.393941913143020572e-01
9.466294343239040066e-02
1.087290290099357515e-01
9.380983742391124647e-02
4.554311445318217494e-02
