1.740407132954024660e-01
2.043279874747869762e-01
1.385084896525506926e-01
1.666039613223272986e-01
1.787173820860007327e-03
2.733687539844936384e-02
1.297844865011561211e-01
1.417029263026913788e-01
5.258031974188194339e-03
2.197615320475637679e-02
5.932263718316990037e-02
7.700609266639962813e-02
7.517536862348060678e-02
9.308239149067083773e-02
2.249018991746349824e-02
5.510532268506958264e-02
1.019731744670591134e-01
1.001218620204785414e-01
1.892327640955572821e-01
1.516707964234896011e-01
5.201840492571738251e-20
5.201840492571738251e-20
1.105640438815675836e-01
6.650201500844486746e-02
2.413581398743554207e-02
2.527756338098328254e-02
9.052263065772871804e-04
8.022821692843884554e-04
6.947278184937939749e-02
1.148695373875703585e-01
7.429452094743041468e-02
6.632465228017786485e-02
1.795429704251996772e-01
1.889546746055273396e-01
1.966740385161379334e-02
6.582955225682944264e-03
5.201840492571738251e-20
5.201840492571738251e-20
5.201840492571738251e-20
2.179618201778706077e-03
5.201840492571738251e-20
5.201840492571738251e-20
1.384244705001759779e-01
1.126331544752969677e-01
1.540637885710869903e-01
1.947941125841681498e-01
1.259752331948513493e-01
1.127272352074431827e-01
1.536315389128150577e-01
2.012637285429017264e-01
1.195527777600590147e-01
1.529503274463663021e-01
7.194274336773881506e-02
8.259012951383162826e-02
9.100937107391726677e-02
5.301279523165314256e-02
1.636853533047614717e-01
2.076866548821361125e-01
1.773905593850559903e-01
2.168252028884290750e-01
1.246821730811023821e-01
1.527604096472075512e-01
5.912116068818789455e-02
1.204942977515888192e-01
5.095494240614578674e-02
8.318949391035564134e-02
1.900628207378353418e-01
1.850517294002376190e-01
9.405146472085816611e-02
1.176354527914922760e-01
1.950650496575553547e-02
3.112582585285338793e-02
5.201840492571738251e-20
1.393482984309984095e-02
5.201840492571738251e-20
5.201840492571738251e-20
5.201840492571738251e-20
5.201840492571738251e-20
1.406316565940070838e-02
3.325090629818340526e-02
6.818397457955119312e-02
1.398265437981534298e-01
4.066906392603651665e-02
3.510636462466815155e-02
1.026782419209094355e-01
1.350575948239719215e-01
3.313417616818566201e-03
1.028397050979016486e-02
4.945370429073116247e-02
7.407896942687844377e-02
3.613222026187711423e-03
1.231656837877593072e-03
3.552939432606246582e-03
1.084777615099595484e-03
5.201840492571738251e-20
5.201840492571738251e-20
3.690663534028357294e-05
7.037640349944522750e-04
1.130060175396827927e-03
2.061690632309706728e-02
4.353745160987530175e-04
1.906977644500856784e-04
3.593418990181332894e-03
2.602533314101068695e-03
2.463292733576185429e-04
7.915695634312403876e-06
5.201840492571738251e-20
5.201840492571738251e-20
5.201840492571738251e-20
5.201840492571738251e-20
5.201840492571738251e-20
7.054079193737514087e-04
5.201840492571738251e-20
5.201840492571738251e-20
5.201840492571738251e-20
5.201840492571738251e-20
