2.017439825549198762e-01
1.890117413867402341e-01
1.677091971779313129e-01
1.826174012393804724e-01
2.025480131780055260e-01
1.929339861380348631e-01
2.076762652269174003e-01
2.201327387083440446e-01
1.767967155749426422e-01
1.903273542475929225e-01
1.552405255012759278e-01
1.833211605488059837e-01
2.245072053208986562e-01
2.245072693571317224e-01
9.130808250835927009e-02
2.052557966292667957e-01
1.812837609561864238e-01
1.930867220795724759e-01
2.101668379205444692e-01
1.283443656654887910e-01
1.554539646418617027e-01
1.419527872287860426e-01
1.809407802736934801e-01
1.474719953750285584e-01
1.557111038976162209e-01
2.098144792225325739e-01
1.841533137332586334e-01
1.886906584842839019e-01
1.086174942828491696e-01
1.913745820231541328e-01
