4.260432630934777275e-03
8.124965175277056029e-02
1.310231631949379805e-01
1.687699338539574156e-01
1.411775905827282462e-01
1.396872605346653473e-01
1.163139235603293103e-01
1.395008706541447652e-01
1.630478080213351444e-01
2.877942451106406049e-02
1.582332082922329464e-01
1.554025082931972113e-01
1.265746072797386268e-01
1.589773777266611232e-01
1.572038821943701759e-01
4.664407830341305017e-03
1.037155973759375099e-01
1.010424400288542635e-01
1.416609892800870518e-01
7.403820885849195232e-02
1.076956290265335264e-01
1.376249249140467645e-01
1.263206802152688768e-02
7.560646527646590342e-02
1.544509017014352448e-01
4.128779922168902133e-02
4.691554127610660790e-02
1.402910045284012641e-01
7.441922634078236565e-02
4.339588837829138658e-03
1.142848655639360500e-01
8.764838761680063262e-02
1.453906713111443316e-01
1.483084935441251750e-01
1.395244805895343998e-01
8.381400531236192497e-02
1.633922387043820201e-01
1.071575811123426369e-01
1.630170011645401817e-01
1.324774720328674438e-01
1.005974599708681777e-01
5.786629383013915107e-02
1.353981416541995830e-01
1.697130495933833749e-01
1.625660534964204762e-01
1.537145726462591788e-01
1.006782202702818652e-01
1.619830118042281941e-01
2.416617411710039395e-02
1.339165638226787747e-01
1.556909022488158767e-01
1.717964308553013575e-01
7.606217179056423694e-02
1.334480438905304434e-01
2.105475706129718294e-02
1.315905387299678153e-01
1.674757179250341843e-01
3.362523272553769732e-02
4.055513909475946810e-02
1.383076745524769724e-01
2.409998517157130662e-02
3.401165101487775566e-02
5.030622177352526980e-02
2.005369373768721430e-02
1.278312018087074398e-01
1.793350120697390637e-01
1.125314452778569119e-01
1.231882127203402233e-01
1.882992702844312610e-02
1.791259594366553520e-01
