1.105206926511426574e-01
1.483377542044590491e-01
1.295362184225032909e-01
1.281137180347247939e-01
1.387610772648273649e-01
1.504199558874670106e-01
1.527107323580038090e-01
1.077570700744121118e-01
9.763991489707372906e-02
1.287169999169646695e-01
7.322394824351582954e-02
1.302396004083597181e-01
1.014921148279042118e-01
1.532524969102598000e-01
1.398333089558639608e-01
1.374474068942046490e-01
1.116444308733323953e-01
1.393810616833128513e-01
1.044873472065678127e-01
1.173927185960862013e-01
1.406089567120950290e-01
1.426819127431047940e-01
1.461350336998392674e-01
1.163855937557701503e-01
1.319990403344465935e-01
1.446368782653778828e-01
9.782463748707755091e-02
1.266269851681156577e-01
1.366944777916325182e-01
1.055480769520678735e-01
1.422963681636340572e-01
1.462001326165179027e-01
1.379624003993803472e-01
1.313882236143909810e-01
1.088711458652260183e-01
8.761528494494447150e-02
1.232269007447516773e-01
1.394032011910239788e-01
1.445804548762303354e-01
1.267991126961956483e-01
1.321353738775676856e-01
1.381253185679891526e-01
1.303758032209723361e-01
1.412913353365433389e-01
1.556688621441923714e-01
1.278298216809612975e-01
1.218527222678854188e-01
1.326691523396901218e-01
1.305719839876220423e-01
1.328867460451462479e-01
1.390270070880560427e-01
1.036126585780559883e-01
1.393745724052847523e-01
1.116663154119833107e-01
1.131367820225633175e-01
1.429008497164499791e-01
1.437888343570416505e-01
1.519817133083143645e-01
8.055498110338239759e-02
1.183372488410869006e-01
