1.837176197856181525e-01
1.927760152468118438e-01
2.056008410410438969e-01
1.667544393724190444e-01
1.957344523344774490e-01
2.083831342914467255e-01
1.968740151195211285e-01
2.071819249675546648e-01
1.700162043745026552e-01
1.913481538792292103e-01
2.103474619504310528e-01
1.793656228502776284e-01
1.579263146200753920e-01
1.770738139216371243e-01
1.612435818011214994e-01
1.969292512125108974e-01
1.217225545696104111e-01
2.001357839745794009e-01
1.392787896186884478e-01
1.940557258116603623e-01
1.987365874662571086e-01
2.029420405979978359e-01
2.089196177803219479e-01
1.248442134057021619e-01
1.940874881737293389e-01
7.824392012016938291e-02
2.003056147107154517e-01
1.878455513200636973e-01
1.753355053579830347e-01
1.754653101000277771e-01
