9.384317940640105049e-02
1.571075283724555349e-01
1.304723995484282639e-01
1.230659634201733410e-01
1.432499379596950118e-01
1.588804231543854417e-01
1.614736710996302893e-01
9.980940051084701004e-02
8.194145426943229282e-02
1.320050925025345878e-01
2.927425320116460936e-02
1.243262003175846231e-01
7.942344451341991352e-02
1.604432937550893112e-01
1.467300127094811335e-01
1.388910105279694829e-01
9.370721823856256738e-02
1.446945058988658439e-01
8.086419512995199343e-02
1.076399886823605767e-01
1.457302871714910020e-01
1.482994541064847072e-01
1.520757376155815743e-01
1.169533086453221765e-01
1.358635340796586766e-01
1.519697366107426451e-01
6.437210526006646727e-02
1.185614198579180018e-01
1.372694270393882143e-01
9.101293805033769391e-02
1.503421671337042964e-01
1.535458846112771059e-01
1.448822949440805863e-01
1.372636565228187444e-01
1.013424157291622774e-01
6.282606056012528251e-02
1.210988389940559629e-01
1.436376834070412223e-01
1.518043914474167810e-01
1.301553442596372068e-01
1.366157221258965104e-01
1.388204112727594308e-01
1.345283245832827046e-01
1.459200860937504562e-01
1.665555710856303773e-01
1.246219545372637683e-01
1.185488980317533081e-01
1.344983134047227358e-01
1.359961539266743569e-01
1.331253216891569724e-01
1.460964611819104697e-01
9.234823246384403495e-02
1.461582479252960531e-01
1.085683449213550172e-01
1.031513690747905693e-01
1.455280741401393241e-01
1.513180267986670435e-01
1.616963514693053883e-01
5.422189941143734648e-02
1.147558502013524689e-01
