5.554688052755129418e-02
1.611894036320176971e-01
5.473455965804214715e-03
2.315908488307465846e-02
8.717098551537709461e-02
8.901664359621416778e-02
6.362183540985625642e-03
1.684398177887982406e-01
9.295324462955185246e-03
1.204403958133176272e-01
8.967636388054678798e-05
1.870967096567207472e-02
1.061029252077338063e-28
7.953001135054230120e-02
1.210725367022119029e-03
2.596767688274958033e-02
1.447167144701527186e-01
3.145727788915358460e-03
5.871726404517895598e-03
4.120089766091402012e-36
4.941828549994212172e-04
6.536395970166239411e-02
4.120089766091402012e-36
1.035143930693777775e-01
4.307596132769395266e-05
2.204348060549956786e-02
4.262244578239650708e-03
1.789403221744922891e-04
2.539516003308226605e-02
2.593430526068146377e-02
6.955819958957248916e-03
1.771717853736995418e-01
2.015839508840675809e-01
4.120089766091402012e-36
9.056889738263570327e-03
6.898352790745961027e-02
4.120089766091402012e-36
1.561191905485710130e-01
8.863112795081895534e-03
6.886429471036244199e-02
1.568464839217281650e-04
9.962563665909111854e-02
5.557629086446937844e-02
1.370913680283089749e-02
1.577995219705769989e-02
4.695823289540153854e-05
1.997268039344695517e-02
3.401523225991581745e-02
7.409822069186583482e-02
1.546685397799652528e-01
4.120089766091402012e-36
4.624644947591569077e-02
1.599158941428474056e-06
2.846077742764553230e-04
4.282457253452975204e-02
5.476258568002200303e-03
1.730815201942458026e-01
1.291552563233973956e-04
1.998305228087291375e-03
1.493716509885348598e-01
3.487533274942834077e-02
7.181481552970246651e-02
5.712264245269082358e-02
2.112834912409173997e-04
1.139921182851960039e-03
9.764419650568667564e-02
5.571651941537677198e-03
1.221579985333239443e-01
7.208267125819722843e-02
4.518192915046738423e-02
1.002995420045073305e-01
1.823913652769909299e-01
5.520249281197258523e-02
7.641931805716413451e-02
2.029991606754102673e-01
4.120089766091402012e-36
3.809340752297274424e-02
1.194187780884099249e-02
1.191201885712598746e-01
1.102328490633422281e-01
1.010342488877417622e-01
1.024837650922738033e-03
1.133410868644878361e-01
2.987444435250231900e-02
1.004373503688226199e-01
1.989243579346440249e-01
9.928322846762456522e-02
6.343289121655198287e-03
9.141656557665710225e-02
6.241377562835349890e-02
1.631547592264173396e-01
1.706396568861320850e-01
7.758442627676330472e-02
1.082025559992955133e-01
1.330001556059617340e-01
6.589622266664603434e-02
4.877808568268805073e-02
1.510767826280477732e-01
4.120089766091402012e-36
1.809589307450041804e-02
9.993969649669098149e-04
1.489251847052152633e-01
3.809976478001010636e-02
4.120089766091402012e-36
4.544973965168342539e-02
4.959142765404833675e-02
8.581196770686905229e-02
3.744388999408875939e-03
2.836306139685311825e-02
1.178843362138948525e-01
3.737609467477876618e-02
7.089974219655718890e-02
3.296024203379531448e-02
1.208534123728845486e-28
1.942922834331969190e-02
1.350816123037293544e-02
1.348448918064720781e-01
1.608209501893594382e-28
4.120089766091402012e-36
1.538153636476749693e-02
3.547351879518492734e-02
5.946788724494809358e-02
2.258616113245746904e-01
1.179120643462784890e-01
1.097254801894593512e-01
4.120089766091402012e-36
2.859208697517545000e-02
5.128376595437074414e-02
1.938910000744062667e-01
8.175157439145979950e-04
1.170323593690616448e-01
3.895813665106803020e-02
3.638990810390477920e-02
1.185214519925222171e-01
3.031775942688847217e-02
5.801571404600015802e-02
4.498925762585218036e-03
1.326303623357026834e-03
5.275539520524741982e-02
1.389314983420541216e-01
1.006596127993942824e-01
5.374426859494024766e-02
4.120089766091402012e-36
2.968093489520673423e-02
5.651192523059768436e-02
2.119247962551303391e-02
6.132526938435563929e-02
5.080895070008830533e-02
