1.039544339527261191e-01
8.299299395655060363e-02
2.952407250398553229e-02
8.599861459852281564e-02
9.107342054850077473e-02
9.774086073843676892e-02
8.871329807458845640e-02
9.978961916933112852e-02
6.650238429799347484e-02
1.068126479421582231e-01
6.478428925250356851e-02
8.087732763432545213e-02
9.872050585300488901e-02
9.329362651673932250e-02
4.961616838832769161e-02
7.026107649948937217e-02
9.937577372408042120e-02
4.927453776681827574e-02
6.031637524030205449e-02
5.595441385306604287e-02
1.056411011884560991e-01
5.540746800940012790e-02
8.743064726068466852e-02
1.039618794627053672e-01
7.786356145652649496e-02
6.540867707947560505e-02
7.142842771494027632e-02
1.021552445778615842e-01
9.585502261514451672e-02
9.309930851219119785e-02
5.708612487441146882e-02
7.676637870451684387e-02
9.030611137630663310e-02
5.859051236585737649e-02
1.058715592317120702e-01
8.614498892489894089e-02
7.584733760016328097e-02
9.693239560566639657e-02
1.019936946229463570e-01
8.751410111447521789e-02
5.930399849003799295e-02
8.097740301322675638e-02
1.009224723740202445e-01
6.160270917647533984e-02
4.780107421686917435e-02
9.820458754619647290e-02
6.950535300961881158e-02
5.111313232562986197e-02
7.794515952793995561e-02
1.090968172742557835e-01
9.463011695076264940e-02
9.594718188285605853e-02
1.060684605835640199e-01
4.250763190948810000e-02
9.101842799078242729e-02
8.878497482658766204e-02
7.210899483425521617e-02
1.053728977692519886e-01
6.583082394911490831e-02
1.006188919308455831e-01
9.656262456114962645e-02
9.667723378727639816e-02
8.328674817693269838e-02
1.015382919975570952e-01
6.662007778584004558e-02
9.683596465247765184e-02
9.044128151710559282e-02
8.384118943992391326e-02
9.316543136564205130e-02
6.654382756546406430e-02
8.721763616942061759e-02
8.734987523047711699e-02
8.835430890851390939e-02
7.808320461536744084e-02
5.558490722125450367e-02
9.068737437938298451e-02
9.372925193413710054e-02
1.010828256755754995e-01
9.882150135192321883e-02
8.583570278577387636e-02
7.589700618567525592e-02
9.818782108019462329e-02
6.735201550165878515e-02
9.843476148869662046e-02
8.007791026438822179e-02
5.868502100977753683e-02
1.006418666972258985e-01
9.240026457312816577e-02
9.951886300610177094e-02
8.709568261358434371e-02
1.043340595128642023e-01
1.036677224701571393e-01
8.288894100116267483e-02
6.150194036596131480e-02
8.806437597894546665e-02
9.039787969337087503e-02
9.241119364702565786e-02
4.250624551791846312e-02
8.845440541088869790e-02
7.979946462667796003e-02
8.874638238965237846e-02
1.036079336789320349e-01
9.755251018147328979e-02
5.470056776590619813e-02
5.724617259606809561e-02
3.018189979392274860e-02
9.715634292946236095e-02
3.263102484109096924e-02
8.609315074681793412e-02
8.623694126362463352e-02
6.946552287381421720e-02
8.412589019083059616e-02
6.690033345128201803e-02
8.789217270559081252e-02
5.422266898441153310e-02
9.399189449631074889e-02
5.097074321466506935e-02
9.287679199200439550e-02
4.965720068386645508e-02
8.226447438551583169e-02
9.915304283102481520e-02
1.001212857592490152e-01
8.916934248806641927e-02
5.435957534057837826e-02
1.113491326576438178e-01
9.260618545972046367e-02
1.003012625794305612e-01
8.761591096801611689e-02
9.956051104027646703e-02
9.693024372179662174e-02
5.556474780903107591e-02
1.046009680587772772e-01
1.030312715619560726e-01
7.459553247785764840e-02
9.908650817843596414e-02
9.696828902424337038e-02
9.490162526169100554e-02
1.052668031255448861e-01
