1.088546897711494127e-01
8.292419852754589690e-03
6.571536813161715047e-04
3.766225110827908090e-02
8.369240710238103065e-02
3.880000511498180493e-04
3.011941972518084737e-02
8.286935064994473132e-02
5.246216381521868361e-26
7.972274289072836528e-02
1.099467389552149371e-01
1.815877570284833153e-01
1.251978600700306421e-01
2.683583040629867585e-05
1.930518017223752936e-01
2.821233869951477943e-02
5.246216381521868361e-26
6.905284469032604844e-02
2.933397529858699799e-03
6.676330919531781732e-03
4.324026477169239796e-02
1.079778845132675219e-01
9.458961314875540677e-03
2.491749301734637670e-02
1.784580882709134453e-02
1.905318736776075942e-03
2.046917148389061636e-01
6.017531486416950737e-02
1.392798480421440499e-01
5.913139441828280365e-22
1.284685377300618953e-03
4.024507238489746785e-02
1.222768661873288171e-01
1.751874587659206783e-01
1.293516049400856571e-01
4.691874902526053243e-02
6.548254344045209563e-02
2.405239386127589474e-01
1.366761218885146623e-01
3.497863068651953233e-02
5.246216381521868361e-26
1.028181252514367844e-01
1.203808707391598454e-01
2.193566199982775744e-01
5.579602626017868966e-02
3.911341182489455615e-02
1.324267888148384364e-01
5.246216381521868361e-26
1.265131365882209979e-01
2.571186938449477807e-02
1.228810930784884625e-01
8.053049004791081045e-02
1.894884574301883631e-02
2.226786725375713011e-02
1.581791784671659484e-01
1.266119569370789677e-01
9.171767494280413935e-02
4.979000182863384537e-05
1.142991939305160048e-01
2.012376991189534781e-01
1.070832148304262516e-01
1.058303977973336085e-01
7.219121785099910649e-02
6.045254696038378922e-02
1.540427379731439672e-01
9.792396645452987325e-02
1.209004812664521032e-03
1.542550074694693518e-01
8.380141692975490164e-02
1.551434530655090571e-01
1.312347017245534819e-01
5.913139441828280365e-22
1.305653298693295328e-01
8.623551345526735828e-03
1.486651070300026301e-01
1.184379591040767149e-01
6.896901625976716022e-02
2.030212554533875335e-01
7.412077416793021178e-02
7.420848342478901516e-02
1.927490645367670175e-01
1.720181829572467241e-03
1.705297580303311846e-03
1.888109787911994124e-03
5.125037920505200184e-02
1.847326409378227119e-01
1.176109982160518722e-02
1.461756668763833089e-01
3.588147632111342625e-04
5.153402374083962401e-02
1.003565920855186699e-01
8.157686972249728052e-02
6.111954922459881395e-02
1.337326449010042828e-01
2.811794798447111651e-04
1.314554935157355442e-02
1.157099778161464521e-04
1.136245545962683567e-01
