1.215598849634188794e-01
9.871786627466908048e-02
1.009710682875557541e-01
1.082712711039637843e-01
1.153054405451463676e-01
6.908353615730490616e-02
9.078311626162738346e-02
5.646020550181121700e-02
9.122889451031698793e-02
6.491698146244169465e-02
1.117067387507663240e-01
8.900850957753921044e-02
8.723203000165868914e-02
9.054722693529219935e-02
1.012409473589063608e-01
1.232408777905272534e-01
6.271922679455170513e-02
1.053947453916242311e-01
7.275314471995597554e-02
1.191916979424854361e-01
1.260460286632821558e-01
7.622552941186160058e-02
5.744251130640387615e-02
8.413979551466300999e-02
1.212781136965963985e-01
6.887271300655170569e-02
9.167330764739650695e-02
8.716993207737581961e-02
1.164681416028815059e-01
1.065862799440127490e-01
1.092894694537557138e-01
1.079672033207666748e-01
1.137099476958675637e-01
8.275983862981982353e-02
1.188086231400936055e-01
1.137663723678556671e-01
1.339665225143567007e-01
9.141003786410598075e-02
1.171172493044869423e-01
1.244645315114185080e-01
1.089460106812486090e-01
8.338416389835782982e-02
1.247015319063084909e-01
1.259122193908452647e-01
1.156483761805975063e-01
1.124400370860058895e-01
1.116369337409136991e-01
1.105031192389859251e-01
1.141134376988880567e-01
1.168883822004275486e-01
1.262709618499932573e-01
1.165019736281177193e-01
9.177624457991195861e-02
1.185992486845118821e-01
1.049762251571680211e-01
9.234486642400713263e-02
9.762976874278378459e-02
1.153357188384176862e-01
7.779891231547779451e-02
1.172423912953877156e-01
1.157549519848401071e-01
1.158822541528638644e-01
1.099904364306587973e-01
1.131221900555077764e-01
1.117126962593296829e-01
1.084433419549271221e-01
1.194828580851033939e-01
1.064516305610582053e-01
1.266062621220964690e-01
6.710254667789011807e-02
1.237912167473023684e-01
1.191345797615286223e-01
8.368422316373491654e-02
1.125679431597213925e-01
1.117726015271721246e-01
1.212802898260576107e-01
1.249309035534477558e-01
1.244777099263937176e-01
9.325672131715388724e-02
1.140876038431743456e-01
7.570439496252065470e-02
8.918908656208524022e-02
1.247894126009740090e-01
1.177050008389816382e-01
1.080494926636517139e-01
8.101439791675589530e-02
1.060886765668187515e-01
5.950520597440067672e-02
1.283402022815832155e-01
1.058977264615866554e-01
