7.435771048331439592e-02
1.053505470455097515e-01
5.788157765244272834e-02
1.081290112145873589e-01
8.560109996778067498e-02
1.048357287548771083e-01
8.695684013681474755e-02
7.249614008694024725e-02
6.463071725519679844e-02
1.009224672692870389e-01
1.063209206584124628e-01
7.866572964708071214e-02
3.918142570144663578e-02
5.945428818249990505e-02
6.125338646147186761e-02
9.643781737976343804e-02
1.062323729956531626e-01
6.423337506340574821e-02
9.639615243576252213e-02
9.338240894254606905e-02
8.810310931132329937e-02
1.076251680422334600e-01
1.014330804298220201e-01
9.729709061536624681e-02
1.040886874843416077e-01
1.002766267915957410e-01
1.011305131861117701e-01
9.946322625184299271e-02
7.438296047474307615e-02
9.950934512562266410e-02
1.089691830263361666e-01
7.785496880386899576e-02
9.875790331976611047e-02
1.120990563833127868e-01
6.190052766735247569e-02
8.195559333054740214e-02
1.034612803552932975e-01
6.980162446409553245e-02
1.049478283276864959e-01
1.105048429534800647e-01
6.117495284085207319e-02
6.802760105995349360e-02
9.949886869446689097e-02
6.252576453696519210e-02
1.176798103903166776e-01
6.482089051967371285e-02
9.179006641347946249e-02
8.891392305649405137e-02
7.330713219461520991e-02
1.011430785840370106e-01
1.058455271241542511e-01
1.039263404900562932e-01
8.859166574183705012e-02
9.036687511754425139e-02
1.002865205279312305e-01
7.670643979899739728e-02
1.092614200410191722e-01
1.077665519424861607e-01
1.093976213309881540e-01
1.085564555502813305e-01
8.409720617437357881e-02
1.147746722885628901e-01
1.058187570808127725e-01
1.003845554973255699e-01
1.104343479603243777e-01
6.197703565635520606e-02
1.102894333595062504e-01
1.104929447224349964e-01
6.293410828732408369e-02
7.581786574861443251e-02
9.411234660618271464e-02
9.503455222341755659e-02
1.027321145080886677e-01
6.227986682180872147e-02
9.574133716601972155e-02
9.587380511141939399e-02
9.555853993993281004e-02
9.553817241377529634e-02
1.095037476408547983e-01
8.966466034211732772e-02
1.126412349374332211e-01
3.780073886130501382e-02
9.852187234157809559e-02
1.026811239267722414e-01
1.034725830799742979e-01
9.873771177106316355e-02
1.040181887922576598e-01
8.490289736456639591e-02
1.046345219053071984e-01
5.543751067545308470e-02
1.108706158545181425e-01
5.025763111995742993e-02
1.048597144082846072e-01
1.024656835724205295e-01
1.115522970799935204e-01
6.644524773095189518e-02
9.423653020223650423e-02
9.877155921829991470e-02
7.360570763833385044e-02
6.942478494383486076e-02
8.268492411893788030e-02
8.768249475196217280e-02
6.994921002348218619e-02
9.959567688519951889e-02
6.018389113180710320e-02
1.064479467433333409e-01
8.686968619727575280e-02
7.769793595242280304e-02
1.124070668773325399e-01
1.119368733765741253e-01
9.752889972769052118e-02
4.465310135235714406e-02
9.193840420125633239e-02
8.392718389761821829e-02
9.859236307725043058e-02
6.806579191411615826e-02
8.866923041434279784e-02
7.275923212167921539e-02
9.020484748715036638e-02
