1.474867907316790294e-01
1.428869233292740237e-01
1.512464042766079042e-01
1.306392245563212928e-01
1.491093249913675589e-01
1.114267773202654022e-01
7.134678843495233236e-02
1.301139894966408528e-01
1.485501658857059093e-01
1.468884344469675030e-01
1.503951775247030220e-01
9.916600162439945243e-02
1.664901157408213983e-01
1.641845428511383986e-01
1.424848933734676748e-01
1.415962833341445071e-01
1.376248758975777420e-01
1.163350948230987281e-01
1.383532866979702014e-01
1.332106168346857689e-01
1.314238767610829139e-01
1.020763296008941751e-01
1.389679459281619178e-01
9.530380081580139273e-02
1.154542970725471740e-01
1.448353866863855977e-01
1.220931838197558961e-01
1.427069619910032450e-01
7.884488359700546345e-02
1.163573862168029299e-01
1.320364823893765138e-01
8.196126143513438045e-02
1.203705699784455851e-01
1.323898405880254980e-01
1.347545442004613736e-01
1.110317195150947178e-01
1.654948890248317261e-01
1.193891035718573634e-01
1.069569173335524481e-01
9.390469710563588424e-02
1.125044103350929803e-01
1.365848356418168930e-01
1.537072715178053328e-01
1.550941631075666016e-01
1.295900806789052617e-01
1.358147601984510400e-01
1.530705705845325781e-01
1.098689181143156085e-01
1.290480309905850664e-01
1.436588836912577050e-01
1.339506574840697850e-01
1.414575223809387272e-01
1.039871221535176443e-01
1.348433582369450157e-01
1.196612408606241018e-01
1.486351569899584668e-01
1.253392583476580779e-01
6.572377508323529183e-02
9.281922685768080605e-02
8.791598432703999488e-02
