5.421746478285272702e-02
1.116702060145070702e-01
1.329566166486696455e-01
1.400999720566711571e-01
1.301414877104740409e-01
1.244513591825545107e-01
1.216590188898862002e-01
1.268830019369052986e-01
1.366017451194154464e-01
8.662906728016826763e-02
1.311083203390782936e-01
1.341925122937124848e-01
1.236801457052742331e-01
1.344861783613137407e-01
1.345244224670431032e-01
8.423721661277326633e-02
1.185917736045526555e-01
1.149077850511427135e-01
1.303505173140149520e-01
1.131066026308611139e-01
1.180531532946133971e-01
1.278301020752545814e-01
8.482830903895982599e-02
1.116081603941060651e-01
1.344041090433692187e-01
9.816682644289100035e-02
9.559024930003606757e-02
1.347128638403321255e-01
1.035473783642216622e-01
7.186700262396211736e-02
1.265791264393547888e-01
1.147275445405916416e-01
1.284973273238445013e-01
1.312522264910493675e-01
1.335600660019427566e-01
1.084478977346269579e-01
1.362915094879945943e-01
1.170943234661100396e-01
1.351015264000606786e-01
1.299558910678789703e-01
1.163970204491078658e-01
1.036784698001840532e-01
1.281673804809155826e-01
1.405878113519520023e-01
1.382827602766570074e-01
1.323251591865016730e-01
1.211193987193923544e-01
1.378637149100179482e-01
8.332481124252222315e-02
1.265717724918284659e-01
1.344507287335798273e-01
1.394009756748048057e-01
1.118802158078366776e-01
1.241535598181774946e-01
1.012039168446530746e-01
1.229925514193026120e-01
1.396122085021724302e-01
9.529666271331094229e-02
9.889990338730385300e-02
1.305621144814307633e-01
8.235946162223102551e-02
8.948930417881634236e-02
1.066723025282159815e-01
7.159546506498010165e-02
1.304605790987765357e-01
1.425216919504040392e-01
1.193237661040764119e-01
1.214143034979154878e-01
8.859284421930264941e-02
1.441808482302570360e-01
