1.321619385893342269e-01
9.449810948714718051e-02
9.578815824482730945e-02
1.091872425005868535e-01
1.232920072522580013e-01
3.735920750009662228e-02
7.971000772924945188e-02
1.013185794915104701e-02
7.400258128811455782e-02
3.155150951851243279e-02
1.205868095670817736e-01
7.119142075559842242e-02
6.694484990150702253e-02
8.749706412628338592e-02
1.025036152057001715e-01
1.359178774464359085e-01
1.387563471625869078e-02
9.765297598071022434e-02
4.311618788807736885e-02
1.294663276564691212e-01
1.389902147733807769e-01
3.960915889205925133e-02
2.605056522328870819e-02
6.233630095086629963e-02
1.320163142797608768e-01
2.260789394354026371e-02
7.883769613818883415e-02
6.885709940627207648e-02
1.237960505943668799e-01
1.093789426360066708e-01
1.159928247937190987e-01
1.139660397348537385e-01
1.182467679845576186e-01
6.098398736935082415e-02
1.262057375463818409e-01
1.155319203579028287e-01
1.480997866776709304e-01
7.201876349570363045e-02
1.252274008735097255e-01
1.367103047828759077e-01
1.060414536787820383e-01
5.725920572493953253e-02
1.336206101512061317e-01
1.388395744489272776e-01
1.245251602271677110e-01
1.150948743311223377e-01
1.171452100081424169e-01
1.145792921834015154e-01
1.195980787221790076e-01
1.229768673328767298e-01
1.390688215873892297e-01
1.240157229014632323e-01
7.602101552772629056e-02
1.258743991739215695e-01
1.018494526707045267e-01
7.371123668283477426e-02
9.469383285959537266e-02
1.212104607277272039e-01
4.318594819151078124e-02
1.262736585769640707e-01
1.204142874084078857e-01
1.245911213547767349e-01
1.093767990968751297e-01
1.205683002650353719e-01
1.181858003967437981e-01
1.156360081558223812e-01
1.279586726777807160e-01
1.084378958825062411e-01
1.402489450991060704e-01
2.822886253309346213e-02
1.338298502190841122e-01
1.279172757461710108e-01
6.507540982107226646e-02
1.142104979728685854e-01
1.132210734071322639e-01
1.319462277135555195e-01
1.348373401800112836e-01
1.351110221313709669e-01
8.260923700950838222e-02
1.175428663228269971e-01
4.234592925979844408e-02
6.356018840130588099e-02
1.359030024318938212e-01
1.225695996582512881e-01
1.085956382223919048e-01
5.619525650765010844e-02
9.823401690338381953e-02
1.542922907602307069e-02
1.398573578979732945e-01
1.095790678316288513e-01
