1.310000000000000000e+02
1.310000000000000000e+02
1.280000000000000000e+02
1.300000000000000000e+02
1.310000000000000000e+02
1.300000000000000000e+02
1.290000000000000000e+02
1.300000000000000000e+02
1.250000000000000000e+02
1.300000000000000000e+02
1.300000000000000000e+02
1.300000000000000000e+02
1.300000000000000000e+02
1.210000000000000000e+02
1.310000000000000000e+02
1.300000000000000000e+02
1.310000000000000000e+02
1.300000000000000000e+02
1.310000000000000000e+02
1.280000000000000000e+02
1.270000000000000000e+02
1.210000000000000000e+02
1.160000000000000000e+02
1.310000000000000000e+02
1.310000000000000000e+02
1.220000000000000000e+02
1.310000000000000000e+02
1.300000000000000000e+02
1.250000000000000000e+02
1.300000000000000000e+02
1.300000000000000000e+02
1.290000000000000000e+02
1.290000000000000000e+02
1.310000000000000000e+02
1.290000000000000000e+02
1.300000000000000000e+02
1.310000000000000000e+02
1.280000000000000000e+02
1.310000000000000000e+02
1.290000000000000000e+02
1.310000000000000000e+02
1.310000000000000000e+02
1.220000000000000000e+02
1.280000000000000000e+02
1.310000000000000000e+02
1.100000000000000000e+02
1.300000000000000000e+02
1.290000000000000000e+02
1.310000000000000000e+02
1.310000000000000000e+02
1.300000000000000000e+02
1.290000000000000000e+02
1.310000000000000000e+02
1.310000000000000000e+02
1.300000000000000000e+02
1.280000000000000000e+02
1.290000000000000000e+02
1.310000000000000000e+02
1.270000000000000000e+02
1.310000000000000000e+02
1.310000000000000000e+02
1.300000000000000000e+02
1.290000000000000000e+02
1.210000000000000000e+02
1.310000000000000000e+02
1.310000000000000000e+02
1.310000000000000000e+02
1.310000000000000000e+02
1.300000000000000000e+02
1.300000000000000000e+02
1.310000000000000000e+02
1.310000000000000000e+02
1.290000000000000000e+02
1.310000000000000000e+02
1.300000000000000000e+02
1.310000000000000000e+02
1.290000000000000000e+02
1.290000000000000000e+02
1.170000000000000000e+02
1.300000000000000000e+02
1.300000000000000000e+02
1.310000000000000000e+02
1.280000000000000000e+02
1.310000000000000000e+02
1.300000000000000000e+02
1.300000000000000000e+02
1.310000000000000000e+02
1.310000000000000000e+02
1.310000000000000000e+02
1.310000000000000000e+02
1.310000000000000000e+02
1.280000000000000000e+02
1.310000000000000000e+02
1.280000000000000000e+02
1.310000000000000000e+02
1.310000000000000000e+02
1.310000000000000000e+02
1.310000000000000000e+02
1.310000000000000000e+02
1.130000000000000000e+02
1.310000000000000000e+02
1.310000000000000000e+02
1.270000000000000000e+02
1.260000000000000000e+02
1.300000000000000000e+02
1.280000000000000000e+02
1.280000000000000000e+02
1.310000000000000000e+02
1.280000000000000000e+02
1.290000000000000000e+02
1.300000000000000000e+02
1.310000000000000000e+02
1.290000000000000000e+02
1.310000000000000000e+02
1.310000000000000000e+02
1.310000000000000000e+02
1.210000000000000000e+02
1.310000000000000000e+02
1.310000000000000000e+02
1.310000000000000000e+02
1.300000000000000000e+02
1.300000000000000000e+02
1.310000000000000000e+02
1.310000000000000000e+02
1.270000000000000000e+02
1.310000000000000000e+02
1.290000000000000000e+02
1.310000000000000000e+02
1.310000000000000000e+02
1.310000000000000000e+02
