1.207666530016565792e-01
1.106340581505448617e-01
1.387125557313498014e-01
1.316956530521149193e-01
1.229067157494726781e-01
1.541174156759175518e-01
1.211958845627146147e-01
1.012694894132496887e-01
1.121755051662974983e-01
1.220360861906521627e-01
1.617952643992563999e-01
1.512737440997812821e-01
1.082583147255317402e-01
1.482606944412042382e-01
1.272693834669927637e-01
1.168002307950849611e-01
1.554208763582751729e-01
1.159246209885271689e-01
1.495830862788166404e-01
1.590544174922905174e-01
1.463576288858149943e-01
1.319729496008986147e-01
1.404503225754569484e-01
1.569494730214527900e-01
1.545138155629128818e-01
1.445700487954535429e-01
1.456905268355860594e-01
1.417807263854744815e-01
1.426944172978042713e-01
1.410706218135607537e-01
1.541987340866376455e-01
1.559607618467692969e-01
1.581446834676550339e-01
1.608046220463282827e-01
1.514671259170920770e-01
1.545116004279138422e-01
1.409963928394080412e-01
1.630457675739307166e-01
1.618577585306007205e-01
1.511850261477789559e-01
1.562508089260807309e-01
1.620630447232530857e-01
1.648776376781742048e-01
1.450628268301645540e-01
1.426743976990702545e-01
1.137630350501559334e-01
1.270956581402013230e-01
1.469645967443286572e-01
9.715572464352044413e-02
1.310757834811655809e-01
