1.502336830204874796e-01
2.562523797913104917e-02
1.082077064911189518e-01
1.926642439340803814e-01
9.890237571819952833e-02
4.139932958201227031e-02
2.209782187819142318e-01
3.207288387304785965e-02
1.451496810810821436e-01
1.921100117718805567e-01
4.195431281962226644e-02
1.965442792576248543e-01
1.664654341415796324e-01
8.255684055924614878e-03
1.656009047515030475e-01
1.077000848227751273e-01
2.322899703417789230e-01
2.444659677422169886e-01
7.733044186419894828e-02
8.005675003800240275e-02
1.878147844337933470e-01
1.899334103316207834e-01
2.220708335473280393e-01
1.964505666561879305e-01
2.422467036825534381e-01
2.660892313196571712e-01
6.115719660230563293e-02
1.991423260547495744e-01
2.029133374217167440e-01
1.476731586210681957e-01
1.005381941378908905e-01
1.074810361127561675e-01
1.632841219671192778e-01
1.397586088757900025e-01
3.466660149202685504e-02
2.305289330404647341e-02
1.724923553280374444e-01
2.179073125290358626e-01
1.874021781193184162e-03
1.826468586601630029e-01
