1.030214392046581301e-01
8.714220554223328641e-02
7.869198468416072068e-02
8.086880608384805491e-02
1.027039456747354251e-01
6.856630344556881307e-02
9.060056396917520738e-02
8.419101444032199566e-02
6.868764020773181211e-02
9.529857837146980815e-02
6.167998941386559214e-02
9.520467660661773024e-02
1.087051274847878612e-01
5.020722315978008721e-02
9.495439564246048458e-02
9.520503553903489347e-02
7.243828592848479409e-02
9.220729990929099618e-02
8.408317448629328006e-02
6.412680644445557798e-02
6.083210029624616655e-02
5.443885291728122605e-02
4.145976783397876259e-02
9.170098948092392233e-02
1.029364619070443632e-01
6.363236222925154617e-02
1.027700855467417324e-01
1.060935275108645243e-01
6.191373558096323337e-02
9.617144630189293497e-02
5.977979318197335773e-02
9.418146151942854982e-02
5.841363824103443930e-02
8.011247841167219719e-02
9.453274722123723717e-02
6.837688827484464382e-02
9.828017092747724781e-02
8.456320461751108686e-02
9.657946115312276980e-02
9.423083913238351761e-02
8.447245137325964937e-02
9.827490793393006685e-02
6.108133875139153124e-02
7.729955462811337330e-02
1.044046121216308104e-01
4.167887822957427185e-02
9.614681211805674310e-02
1.035600722581625638e-01
6.831945522746117605e-02
9.598257036929494501e-02
9.301634857757175301e-02
5.914220439571227228e-02
1.002081063482841566e-01
7.441658049838240085e-02
5.852235235161395988e-02
8.352845706555352134e-02
6.501235494779307456e-02
9.471956328541235315e-02
6.686993814847155826e-02
1.013737038450279876e-01
1.001108892545960749e-01
1.051437655984168440e-01
9.840162876698888006e-02
6.010725900376861358e-02
1.013321689832752254e-01
9.745175381924711666e-02
1.054676767120749648e-01
9.820208304298061464e-02
7.002570377738792651e-02
8.473294002115977497e-02
9.312642854656155711e-02
1.018457883154666316e-01
1.004532337017402799e-01
1.066774570361301994e-01
9.024182401412209065e-02
1.009054761628356556e-01
1.086472099138988817e-01
9.455946648860298620e-02
6.197012750543939158e-02
8.779942217737519983e-02
8.710087402616836783e-02
1.041049172614531698e-01
9.067318931708476248e-02
9.463720553290967674e-02
9.598744816379742306e-02
9.216010505514188322e-02
1.059334781635599826e-01
1.030648966505865738e-01
1.015922264301625244e-01
1.076048324700969033e-01
6.984962221721313647e-02
7.635028145963640434e-02
9.255875002457322753e-02
4.673838833868602244e-02
9.819736944603300877e-02
7.818552622387747730e-02
1.055080604118175669e-01
8.645339339991985061e-02
1.126763628454414412e-01
4.751755674723158462e-02
6.632048855415133282e-02
1.097272858905122550e-01
8.379115987007630661e-02
8.259709446359350671e-02
9.018504789633138841e-02
8.998845901632672450e-02
8.576868136339808879e-02
1.018634598508543487e-01
5.386258507892887487e-02
6.657256385852323988e-02
9.071557452392808862e-02
9.909475322003317987e-02
5.718969294357525296e-02
6.785376974388901417e-02
1.061884969728922740e-01
9.322409803435972864e-02
6.269897367354332340e-02
9.436467738435630470e-02
1.063656503883671917e-01
1.044370780710119490e-01
8.841553126924010797e-02
9.289269846629412408e-02
7.021718758896035306e-02
1.029094666404245378e-01
6.871691725614832713e-02
7.054215801229739291e-02
8.721360778969190763e-02
1.039097677107412021e-01
1.060935282216809855e-01
9.159067149695233889e-02
