1.990149925189505231e-01
1.632446313444857744e-01
1.623755910251535040e-01
1.833404213659268756e-01
1.713268733965764568e-01
1.662228451157557185e-01
2.045005200939563617e-01
1.913459899995240132e-01
1.944769994883229769e-01
1.302918351046512824e-01
1.274858146108873158e-01
1.983435408923824861e-01
1.700884836438694703e-01
1.560922031554390077e-01
3.569306292120101587e-02
1.872325591081128449e-01
1.650514802313886031e-01
1.692357157639226006e-01
1.824766309154688404e-01
1.667591747972115845e-01
1.829623558740802736e-01
1.079016997387513416e-01
1.677623353041165499e-01
1.215755918291480941e-01
1.280430473973696859e-01
1.739511573415455925e-01
1.645463031672393939e-01
1.700963827127580930e-01
4.285096209068180173e-02
1.695203388410894685e-01
1.601548686384435261e-01
5.051513946638976765e-02
1.378487614353650637e-01
1.624705338394744625e-01
1.570310155276965491e-01
1.358363353826581854e-01
2.007536130092837101e-01
1.368473388515101252e-01
1.208237103475101881e-01
9.862743922837184651e-02
