1.547162924949223584e-01
1.149696994962581265e-01
1.535033212479388065e-01
1.656451962951922818e-01
1.525834255175393395e-01
1.426639452396220031e-01
1.752999271441629536e-01
1.359684907498248108e-01
1.607293135498726044e-01
1.718693163817329728e-01
1.401318486957293663e-01
1.717832388178966996e-01
1.623688374181624650e-01
1.132793386140475006e-01
1.666564301295665462e-01
1.525888368779228788e-01
1.774599926942092287e-01
1.819356215854598668e-01
1.419932492084901299e-01
1.412218131470654725e-01
1.700317323673649073e-01
1.650800432597941125e-01
1.734049173816568645e-01
1.741524056913528740e-01
1.833228214573157377e-01
1.862203260385095482e-01
1.427375219904999937e-01
1.706722197113731687e-01
1.694650830179664780e-01
1.592839380639191615e-01
1.538649176051885559e-01
1.433797064458160464e-01
1.651109286896572659e-01
1.603154749051019512e-01
1.327102376570076792e-01
1.236483529945140575e-01
1.685546410770340786e-01
1.736902033038108251e-01
1.196489116803130665e-01
1.676025650514149368e-01
