1.639444274867203344e-01
1.515811347195426262e-01
1.433597966854202876e-01
1.556174315419971144e-01
1.547694842065961696e-01
1.501988618510492202e-01
1.406808771564461713e-01
1.369435427066081346e-01
1.568467360056277904e-01
1.347184896762854411e-01
1.605462231854986599e-01
1.516243209882872922e-01
1.528634975191059120e-01
1.333420178963374003e-01
1.455778492849437722e-01
1.574404811640463808e-01
1.175495625703362468e-01
1.335814305904435284e-01
1.199027299477021108e-01
1.496112650302907077e-01
1.354784942464179465e-01
1.340086361438095897e-01
1.355497053782588890e-01
9.648325261158369193e-02
1.170166534563973626e-01
1.154391248084846722e-01
1.456436798871080240e-01
1.575531149847148316e-01
1.337690911039869646e-01
1.352047215226062638e-01
1.262963735252839448e-01
1.316358497033983666e-01
1.228648282467039721e-01
8.981659483369894281e-02
1.409170548121229660e-01
1.181088065874530274e-01
1.459549165258223757e-01
1.120484308494589520e-01
1.334909534112989349e-01
1.324606690349752203e-01
1.224490931299936358e-01
9.508012778025881628e-02
1.034493197446088031e-01
1.347401402054004826e-01
1.093809506672089177e-01
1.041633892047825055e-01
1.325459863463359089e-01
1.242226997656095955e-01
1.039943874741299512e-01
9.571258160393722458e-02
1.315792751759075063e-01
5.128384767798125493e-02
1.223793553815983731e-01
8.522020575007861753e-02
1.000980387735131427e-01
1.344151005876959015e-01
1.042273284190991384e-01
1.119263950510691469e-01
1.063162687879227186e-01
8.314898643108920018e-02
