1.866774282830807874e-01
2.160914673091199056e-01
2.084630609498163145e-01
1.944632690475672498e-01
2.141569024164395874e-01
1.663732804934177356e-01
1.985573195508129607e-01
2.108555984054104881e-01
1.412462810497721877e-01
2.247391832437607151e-01
3.525436094627646538e-02
1.649132378270687371e-01
1.152179277717129552e-01
1.866992687783950444e-01
2.109849387088781614e-01
2.326847823101783896e-01
1.509408640485528363e-01
1.953700333195986794e-01
2.138254266926048197e-01
1.833021231589291034e-01
8.580202404180456432e-02
1.561642159622670945e-01
6.939859567007002072e-02
1.946065840972113492e-01
6.423709889497325465e-02
2.290708919144936184e-01
2.096207694656189446e-01
1.837220020545429766e-01
2.032612578614828025e-01
2.091611696288815381e-01
