1.817003801991174394e-01
2.008867326329825398e-01
2.329727219733492560e-01
1.091318767671413115e-01
2.215947908554653512e-01
2.351547589238409397e-01
2.133296060908452807e-01
2.326576747147951207e-01
1.116697445210829420e-01
2.077522381364994564e-01
2.375076463524344317e-01
1.503721661925302433e-01
8.100332876184308806e-02
1.745978616187645605e-01
1.267059864551457748e-01
2.200762363436521984e-01
2.854555743123963693e-02
2.115323267004060870e-01
8.427455971261680820e-03
2.122597995472107202e-01
2.248005842532060650e-01
2.267420327354095488e-01
2.393856088226318790e-01
1.084585040785219015e-02
2.133054214428530271e-01
8.104417268067335224e-13
2.004683951601886338e-01
1.898821398486703060e-01
1.621616676547558700e-01
1.487306949617357710e-01
