7.088200017277901388e-02
8.342817971553184719e-02
1.099078823549364675e-01
6.449205606319746709e-02
5.345363267807775459e-02
5.984383063191420216e-02
1.068225833038738415e-01
1.021802696462250915e-01
1.143593568562629031e-01
1.151094473693892312e-01
1.097586502223948379e-01
7.568574922119176984e-02
5.758936809751186853e-02
6.092104381411065500e-02
1.128888780486453081e-01
4.954997831608470155e-02
1.141534828161733517e-01
8.409170945444230383e-02
1.079767133300713194e-01
1.142628354038679600e-01
1.162461738149728613e-01
1.164428603624386022e-01
1.015356046298475368e-01
1.081995683144293813e-01
9.252536597373176019e-02
1.109434581508013801e-01
1.184289465087649679e-01
1.007140329703336140e-01
8.551480983529484436e-02
6.362562042712216481e-02
9.023784647916811841e-02
9.870315992259959259e-02
8.228130710564919570e-02
7.742282998012067763e-02
8.349621984550914533e-02
1.093999196769438603e-01
1.049841249105615965e-01
1.065766884581644675e-01
1.140401515894115952e-01
9.638672152977961760e-02
8.922367197496094970e-02
7.896090387421032808e-02
1.009433145947004201e-01
1.065507176570686249e-01
6.280536427763380725e-02
1.103357276113410140e-01
1.138756827191607368e-01
1.064318502081324780e-01
6.749516000101957180e-02
1.030679677594818072e-01
1.097738195096269603e-01
1.110802654216517249e-01
7.832986312159509468e-02
9.316895687003484694e-02
1.092746264433033243e-01
9.975539223467615180e-02
1.185980372301351643e-01
1.141769157227271320e-01
9.885589891207451074e-02
9.122890505928425708e-02
9.895651420122256181e-02
1.110278050268888733e-01
9.535143112555337364e-02
1.025286173183119348e-01
7.608425472490180919e-02
1.140989832815669930e-01
1.211874352183808651e-01
1.010130232614657314e-01
7.377140874764517853e-02
1.021164586801784624e-01
1.131206675900182507e-01
1.042105993577791823e-01
9.011748528010224413e-02
4.098031152405558208e-02
9.792527312624914326e-02
1.000950412498822079e-01
1.144521452951037244e-01
8.294696116501221184e-02
1.055216011852218722e-01
7.560569002173916919e-02
1.030408678662123462e-01
1.038257894021549360e-01
1.106227856663224013e-01
7.813117884664892709e-02
9.788590739695166021e-02
1.062570037926549305e-01
1.099135443995401945e-01
5.551534689948233597e-02
1.130184075953979544e-01
6.585078307721616009e-02
1.029403485222340070e-01
9.871399800905591992e-02
9.017874472183488865e-02
1.043386960858724705e-01
1.171499390629853893e-01
7.820904155220233245e-02
8.909988523887640843e-02
6.512711109617838612e-02
6.857867863750537196e-02
1.048559374818211765e-01
9.951974914083551449e-02
8.673726876571803690e-02
1.155095409341444362e-01
1.041618515916169774e-01
6.742114274954233433e-02
1.065400039467137433e-01
7.933799672559187222e-02
