1.204798218138911498e-01
1.281858196481372170e-01
1.205391949295422788e-01
1.268685475496622306e-01
6.049857073219643000e-02
7.623943264297255995e-02
1.201574519858639167e-01
1.194678067301950530e-01
7.129259478603998390e-02
7.614913150415499044e-02
9.432774348541975162e-02
9.832573961583605804e-02
1.046513686074608818e-01
1.033041847975657429e-01
9.183039936394295222e-02
9.552112673858124958e-02
1.058737341641134977e-01
1.043255858788969953e-01
1.260084233336057624e-01
1.191374903027363624e-01
3.341768081821143432e-02
4.308389351320609378e-02
1.191731419197663150e-01
1.074071917610312926e-01
8.521483543143011652e-02
8.143985133870806914e-02
5.084768810091509772e-02
5.286044152025509008e-02
1.014845652810059951e-01
1.114450130168428837e-01
1.080334067135653442e-01
1.023827310316171718e-01
1.259247372181086233e-01
1.274069727551205566e-01
8.253179939086029149e-02
6.324997080013505801e-02
7.013223824712708221e-02
8.502226472125103129e-02
6.341664921583942127e-02
6.420413166913345460e-02
3.497489609344246742e-02
6.226256495309003686e-02
1.159183803066004825e-01
1.098453211032154875e-01
1.180641179952268000e-01
1.252062301973714542e-01
1.111099332080149327e-01
1.083912988053293280e-01
1.163181208086356139e-01
1.258167670655722936e-01
1.126008653795553260e-01
1.216642947214530285e-01
9.842470820310224300e-02
1.044839628725546810e-01
1.099750907430202956e-01
9.774731135123795878e-02
1.161036345271787146e-01
1.265943091637123097e-01
1.212439021386037402e-01
1.276306203714977217e-01
1.129674128496784835e-01
1.166165363218222700e-01
9.731362638455420822e-02
1.083260738111018889e-01
9.979271449731842714e-02
1.069994179485949798e-01
1.270674121751612651e-01
1.246079676269850334e-01
1.039380402304419387e-01
1.110888227254559352e-01
9.016300782027165950e-02
8.612037542681499902e-02
7.299678246477067645e-02
7.832296660511227360e-02
2.232536438598489020e-02
3.809559853458315687e-02
6.760082544746677524e-02
6.844009443007496862e-02
8.006533022673617550e-02
9.984091714758201730e-02
9.893540493181181283e-02
1.141998499037294307e-01
9.433832306735182027e-02
8.565835751616586446e-02
1.153270287811844763e-01
1.151294594202671578e-01
6.671760445523784722e-02
5.895986115876698103e-02
1.047586190114082605e-01
1.040076051287417841e-01
7.845239372432985525e-02
7.815801918028264517e-02
6.439684692660474497e-02
5.058841818794623107e-02
4.374378700394122854e-02
4.744751639136562948e-02
7.569058714078058525e-02
8.636867668650936858e-02
8.907544676469662803e-02
9.827182604276839262e-02
6.836090365733916985e-02
5.027754100115722907e-02
8.805887592632999361e-02
7.233273887564299620e-02
7.164938196983069996e-02
5.993112139153761869e-02
3.311734030362830511e-02
2.616705357912832777e-02
6.895714640639569876e-03
6.392108158588936939e-02
7.450730610377233332e-02
6.883029381104495414e-02
5.117288200924451774e-02
5.136644286244800017e-02
3.778427163537796674e-02
7.704036813093078154e-03
