1.189704336991122269e-01
5.517110002821652703e-02
3.070599416514880470e-02
7.783770975029345729e-02
1.102944007403748733e-01
1.811741097786074423e-02
8.756159204552226016e-02
1.221903125274618890e-01
3.327121669344442617e-02
1.165661317052073542e-01
1.228376977042388296e-01
1.357945606927992432e-01
1.172205848548630441e-01
4.977996456372216216e-02
1.330283591931009091e-01
7.227837150364839480e-02
1.821246328064603584e-02
9.363445136052664375e-02
4.177319475777282326e-02
8.419611779608150715e-02
8.649068145338427438e-02
1.266812757865808658e-01
5.350619727721947494e-02
9.021184854512616369e-02
5.928607335160733516e-02
6.818156511491028915e-02
1.352376108342720762e-01
1.024586863425707428e-01
1.233522388977084661e-01
1.149186342462838253e-02
4.856891674427919053e-02
1.142037350863025491e-01
1.193621089519935480e-01
1.220306978519671570e-01
1.000498402451543700e-01
9.890958006449730722e-02
1.012285159145239338e-01
1.410677647385341349e-01
1.184647601168566933e-01
9.834337706346948926e-02
4.764531823908502162e-02
1.162447722333487254e-01
1.215759240964389976e-01
1.324795428854452783e-01
1.067648266791042522e-01
9.226908223026759892e-02
1.255903193147313857e-01
7.878458899402666915e-02
1.236426251502502072e-01
8.675672087377157837e-02
1.164357902783621640e-01
1.009376918135978518e-01
6.031122696811348771e-02
8.340665884038064859e-02
1.302882048955520677e-01
1.071156473378866297e-01
1.266882571699116389e-01
5.586315367384998148e-02
1.051609193596207137e-01
1.348748348699228550e-01
1.236765190523265723e-01
1.147404060338945431e-01
1.088970959024340157e-01
9.387920532161384002e-02
1.173138174235612979e-01
1.235057550795676806e-01
3.886317994373288121e-02
1.334607970630296292e-01
1.146581387699255328e-01
1.229502534319454610e-01
1.179419519984202247e-01
1.205727315448490954e-02
1.281735977138219185e-01
7.120004975141869252e-02
1.369320610903953794e-01
1.180904446111296080e-01
1.046833803442418082e-01
1.346372859918649745e-01
1.058584819668889621e-01
1.007511152329356036e-01
1.351406172112417925e-01
5.298472574506375710e-02
2.224616618428536252e-02
1.674836768342220783e-02
1.012974709025909192e-01
1.375989559160151754e-01
7.167054256892740893e-02
1.341428084268322107e-01
2.581729950207188942e-02
1.053163292235082260e-01
1.089726092102633881e-01
1.057539303745150261e-01
1.103335500078279630e-01
1.261299888551362935e-01
4.142056571696623585e-02
6.720458451475168349e-02
7.792330240549308340e-02
1.121059097048167363e-01
