4.514148518266961757e-02
6.503814407442631840e-02
1.181192249970050706e-01
3.685135352802861031e-02
8.656326808297835559e-03
1.595324703967505170e-02
1.125777291512380512e-01
1.073532173070667478e-01
1.258677261367339983e-01
1.285845219291003316e-01
1.199004452576420410e-01
4.543473496318729821e-02
1.162175549549257503e-02
2.942152275849962972e-02
1.255943581696032652e-01
1.562391721272158619e-02
1.274175448877618855e-01
7.204309920894630404e-02
1.144899200509317538e-01
1.273909965856938331e-01
1.285138133901125579e-01
1.277804220004832014e-01
1.023429344503953703e-01
1.161742822065178760e-01
8.483323894345123906e-02
1.200642620186484627e-01
1.338005083724169431e-01
1.051779242901078465e-01
7.200392827009360897e-02
1.930430357654157672e-02
8.105688556476432771e-02
1.017523464990173487e-01
6.436379511055180525e-02
4.843903523430174302e-02
6.650371583004417719e-02
1.168221650066547934e-01
1.165849352311999348e-01
1.140319154170371940e-01
1.261021755575055525e-01
9.716166107369070271e-02
8.552660359418592928e-02
6.228827171694758386e-02
1.025961728830128566e-01
1.124450512385533063e-01
3.135832172575679644e-02
1.178854866082707092e-01
1.274412441741623048e-01
1.154567108884091420e-01
3.594771232928396787e-02
1.087101723912371753e-01
1.213590350524168388e-01
1.229094454496651029e-01
5.473371964854592542e-02
9.093928127300358877e-02
1.142869121903406920e-01
1.003647734787096041e-01
1.335396081207278207e-01
1.262542435915999794e-01
1.024879242550019581e-01
8.855653383775088927e-02
9.755249352592199052e-02
1.206580928710186962e-01
9.025926959789602744e-02
1.059151372723586976e-01
5.559551390827706385e-02
1.245659491860239276e-01
1.366680410965708525e-01
1.009950367291028162e-01
4.169894962761076102e-02
1.071292624457644421e-01
1.216040456114244883e-01
1.088354339938440857e-01
8.758273750320293149e-02
6.890854078268520214e-03
9.180898556930629228e-02
1.041885508647702324e-01
1.265579304745034772e-01
6.416690618267667512e-02
1.042181834536183155e-01
4.895359644993653447e-02
1.087377775844979022e-01
1.083534718351297083e-01
1.203916486466505842e-01
5.155459280794644911e-02
9.264776122125903401e-02
1.132595997499759172e-01
1.211018434300009938e-01
1.842235215690372213e-02
1.213107206767097684e-01
2.728963766842585834e-02
1.038430257136676860e-01
9.531175739707489769e-02
6.984798142423687128e-02
1.080099579654650033e-01
1.311577343219698377e-01
5.041137577585973195e-02
8.545582127227710489e-02
2.785444314028778443e-02
2.823747724816806984e-02
1.140571544767400997e-01
1.010129574285745235e-01
7.846719236995544633e-02
1.273265425092638126e-01
1.131465905778877845e-01
2.431283792515381154e-02
1.069220848842041410e-01
5.869980578544867905e-02
