1.021703604329439879e-01
8.314010968367264998e-02
4.258233565562683648e-02
8.647007393846256607e-02
8.969437676937881687e-02
9.635551067394880487e-02
8.831681160001915443e-02
9.857446751680554176e-02
6.707871154591843466e-02
1.053040747833755147e-01
6.699416011661289694e-02
8.087958267117047184e-02
9.723618570103056968e-02
9.226745324880454568e-02
5.803712944010717967e-02
6.988518058925717591e-02
9.810969421655044154e-02
5.395991226677750857e-02
6.233829300481454061e-02
5.946278140205463192e-02
1.047279639308636434e-01
5.776131462239260383e-02
8.728740160278869453e-02
1.025776945387343875e-01
7.755735723387943703e-02
6.716329162885636972e-02
7.271432407041610035e-02
1.010377340341455793e-01
9.484086472500542764e-02
9.228346979928016280e-02
5.857078880965507078e-02
7.876106979075857273e-02
9.027179530722105605e-02
5.974973237581691216e-02
1.040774318171232143e-01
8.582698203152182292e-02
7.598908978187431107e-02
9.548040998615424380e-02
1.008418605661169504e-01
8.722973672071339390e-02
6.135332060686467248e-02
8.012313105384531731e-02
9.966525103193105140e-02
6.492490740826194207e-02
5.373527424167486716e-02
9.698710629749833501e-02
7.065104297738794559e-02
5.677182071946888786e-02
7.787055672626114200e-02
1.074356593552803357e-01
9.359997882552535675e-02
9.518387578859013876e-02
1.044914412688909555e-01
5.049440307169027198e-02
9.072519864543827917e-02
8.824474763591649840e-02
7.320201027598834120e-02
1.040409787198180169e-01
6.784316999431526385e-02
9.940375934838198424e-02
9.562179781991621275e-02
9.573963796690315720e-02
8.269977680431070399e-02
1.000237620073821665e-01
6.841477858720804162e-02
9.543550645378622022e-02
8.955570549895762456e-02
8.357727776948400966e-02
9.225894166244300032e-02
6.818946688031252146e-02
8.702657268254886114e-02
8.717793880990434841e-02
8.750740150965384545e-02
7.760626034482694113e-02
5.928004216112569419e-02
9.003384553517414235e-02
9.317263950997997646e-02
9.978099017562633288e-02
9.753364525289628939e-02
8.490763520390381958e-02
7.670865231643632376e-02
9.660607317900975211e-02
6.833526882707105510e-02
9.705452760308140581e-02
7.974603038306436742e-02
6.245464367755356599e-02
9.930634593794951392e-02
9.219138660072653813e-02
9.847480935598776353e-02
8.667294669037292620e-02
1.025843191157910089e-01
1.022826602567831894e-01
8.401036811158664463e-02
6.276740870048699850e-02
8.764836736558981323e-02
9.017491474642015670e-02
9.143453523433235641e-02
5.032325249845039095e-02
8.811534173439804218e-02
8.021623570286126603e-02
8.805751504703455967e-02
1.019952864605062626e-01
9.620148261473901452e-02
5.788983327279745295e-02
5.906752212268792657e-02
4.196330493585610083e-02
9.576596823157784710e-02
4.193757034008638307e-02
8.605380093079394166e-02
8.531901140134894035e-02
7.286709891995452049e-02
8.373657564610152704e-02
6.879217253953123778e-02
8.837056696890492613e-02
5.891074772385851421e-02
9.320285633443942119e-02
5.603570786111124191e-02
9.248311231605296778e-02
5.434117460711539865e-02
8.241728638091919135e-02
9.834021463855451006e-02
9.913381577179772308e-02
8.896103739389089882e-02
5.728640880741721342e-02
1.100237125679921490e-01
9.153081008476196545e-02
9.914461280730850479e-02
8.738999029162188015e-02
9.872560522925019622e-02
9.567280539062525402e-02
5.845171181795659476e-02
1.032471251484100710e-01
1.015337814723815402e-01
7.618410822020070527e-02
9.776831391915521974e-02
9.550370810494344942e-02
9.442776152243353982e-02
1.034915009853130813e-01
