5.462445938176955368e-02
1.659895002294230482e-01
1.233473916426796879e-01
5.544609565488072683e-02
6.017721764845166549e-03
9.112354827115613787e-02
2.709421095657335727e-19
3.235548941512179227e-02
5.055312724187119994e-02
1.531316873480899898e-01
1.693477275362650913e-01
1.810428151033411471e-22
1.145415315734920336e-01
1.405841088845194986e-01
1.221203842270517093e-01
3.569934603599674017e-02
9.960796942682037525e-02
1.670065781303223806e-01
4.732540608086008120e-03
1.003089983699857008e-03
8.992916177307090642e-02
4.706117874265837789e-03
1.362338448140584246e-01
1.200886766349947288e-01
1.469196275280449174e-02
1.510714705428459724e-02
1.028551035286311699e-01
1.658315545887013853e-01
1.910543376248214882e-03
1.660928618859351946e-01
8.797709835285721924e-02
2.633295568705917161e-02
1.205737061492557051e-03
3.400528655222698898e-02
1.289131275765664775e-01
2.496701904879506870e-02
1.073126934763301843e-01
2.145449934735713451e-02
6.083460061390246615e-02
1.902313813568093197e-04
1.414879419759480228e-01
1.877031820965128495e-01
1.271364811667894112e-01
1.970845746127824205e-01
6.324485073072246000e-02
5.352812037297463577e-02
1.669109074826972128e-01
1.598992362623149754e-01
6.994673293761033417e-02
2.288977539613971379e-01
2.384893794301281844e-01
6.819147296564942451e-02
2.611336317068804064e-02
8.284779325055008662e-04
1.666063306249594977e-01
2.115398345975186001e-01
1.351772520755822327e-01
1.563048776296428466e-01
1.052472541174659382e-01
9.488040061646985102e-02
1.477009184939064579e-01
1.299094564861102696e-01
4.602372045102935683e-03
1.543996951126555019e-04
7.707069831215197786e-02
6.843351387447326034e-19
3.115011859283857605e-03
6.419950382470865358e-02
7.656862214205345518e-02
1.630115771808709080e-03
1.743016324967937847e-01
1.579002705724106004e-01
2.709421095657335727e-19
1.390315427544136229e-01
6.843351387447326034e-19
2.194212855209757423e-02
2.089276563655892427e-01
1.370179718832334748e-01
1.487717524222050280e-01
1.039887910653519987e-01
