6.358519624361493039e-02
1.114436301403738949e-01
1.319948769077074757e-01
1.391360482034788570e-01
1.296236658631549910e-01
1.247571711950322543e-01
1.206461083196273820e-01
1.260760199412493399e-01
1.354556339958881139e-01
9.072375593300339991e-02
1.306801133466292952e-01
1.334037004747693211e-01
1.232630835854270912e-01
1.337276989886644618e-01
1.333637090194845221e-01
8.592396081030269361e-02
1.186623263426770797e-01
1.155058376575180401e-01
1.298439380256450615e-01
1.125502312207068145e-01
1.177901335638633917e-01
1.274358383534739403e-01
8.782782824662273280e-02
1.114867573908270293e-01
1.338488945628731053e-01
9.945111571354137148e-02
9.686125474771775656e-02
1.336775939305120398e-01
1.045546362987065797e-01
7.780893208409841999e-02
1.255599695464413024e-01
1.146814309126698156e-01
1.273346177074856922e-01
1.305602213739027184e-01
1.324518005998844838e-01
1.106369021072165643e-01
1.351564806369278116e-01
1.174476361729183821e-01
1.342772182897749578e-01
1.292224019362306908e-01
1.158455456952997842e-01
1.044064375835597885e-01
1.276488078068655496e-01
1.393379257828248619e-01
1.379809288337005557e-01
1.315374561488180105e-01
1.201281212840952101e-01
1.369830487031921951e-01
8.808947508618346356e-02
1.254911859920823380e-01
1.333425627259837432e-01
1.385215227718320230e-01
1.121534121027131237e-01
1.242787019401976056e-01
1.005070812124386481e-01
1.225336884462441683e-01
1.384712214170031042e-01
9.664629768269203391e-02
9.972891446669876481e-02
1.294538601691590518e-01
8.682750471236481971e-02
9.015638886167418042e-02
1.059726289240622843e-01
7.818756289861135411e-02
1.294504440436576587e-01
1.415606455997888702e-01
1.208052460179303428e-01
1.208869298484399196e-01
9.118421435478132886e-02
1.432040820710332729e-01
