7.449306938165121961e-02
1.062147038282315742e-01
5.521317071591256426e-02
1.086600381434382617e-01
8.535901352312774693e-02
1.052244638879955702e-01
8.665128474212158149e-02
7.135694531685780884e-02
6.309925591793338895e-02
1.015405888357046593e-01
1.068432000263349752e-01
7.862628345232024196e-02
3.370197644657859509e-02
5.708876658152502864e-02
5.943556391156086527e-02
9.614831597998471646e-02
1.066962557534501949e-01
6.304595876363094931e-02
9.701758422055879738e-02
9.305986544604213928e-02
8.862499818972856269e-02
1.083521642921289330e-01
1.013893694163607445e-01
9.700637750013378635e-02
1.047652268327962655e-01
1.006557500062289640e-01
1.016779626640277184e-01
9.979717573218889470e-02
7.483413934410371171e-02
1.000490489236562641e-01
1.095468333709857384e-01
7.738559017625586123e-02
9.901028159728694766e-02
1.125833318184607940e-01
5.988208933017039742e-02
8.142786494080421489e-02
1.040079328858779101e-01
6.912260667262037916e-02
1.055711030035299813e-01
1.110553270550444505e-01
6.027132988041500328e-02
6.680539786974558358e-02
1.000669244343648512e-01
6.147543064761497311e-02
1.182621023073950339e-01
6.277678230950417548e-02
9.176685461362152352e-02
8.809373037461799838e-02
7.220922131117266107e-02
1.018064170747653985e-01
1.066196400676911182e-01
1.046628887755414183e-01
8.845993654248675286e-02
8.983029677167093940e-02
1.004959171366189286e-01
7.611299930235652933e-02
1.099783283039474785e-01
1.084183104559922478e-01
1.102295091940399679e-01
1.093796196086502942e-01
8.388526058312827105e-02
1.154041272388241640e-01
1.066133495003467740e-01
1.008658364874175511e-01
1.111817756483629710e-01
6.019058385980386588e-02
1.107469751329147739e-01
1.108542639963088217e-01
6.009014311729060642e-02
7.563430490801274775e-02
9.425590180155529740e-02
9.545157099582771143e-02
1.034540540017203636e-01
6.060250294557664036e-02
9.651709046356353461e-02
9.621693706191251916e-02
9.567052483403602758e-02
9.563942596685062747e-02
1.102724291801982504e-01
8.977683023193805401e-02
1.134050603971392818e-01
3.485412823343343042e-02
9.901815382713545499e-02
1.034229439702183256e-01
1.041274838369731504e-01
9.922557420427370600e-02
1.043008402832053122e-01
8.376658942681952658e-02
1.053879112465566092e-01
5.164256594380602777e-02
1.117058194113729475e-01
4.606425250858944137e-02
1.055012637714577428e-01
1.030832086432378891e-01
1.119351150440214548e-01
6.446932340469263556e-02
9.464212489123620398e-02
9.926590256565753778e-02
7.347700048978933474e-02
6.939765070259322488e-02
8.160024112303676525e-02
8.772634318971518630e-02
6.826960020685658714e-02
1.004001423916434377e-01
5.896036694033411629e-02
1.067088720755721282e-01
8.625910684499532577e-02
7.735919072459586376e-02
1.133811121456188148e-01
1.127944772624306230e-01
9.789353916103976649e-02
4.045629241727831393e-02
9.257631694627073415e-02
8.388100126030569037e-02
9.906052877086493624e-02
6.517901581444142389e-02
8.851452716400899645e-02
7.095225263561977247e-02
9.059661613172935446e-02
