1.833880171967862127e-01
1.929827549854126467e-01
2.058566001958151981e-01
1.669671978387935185e-01
1.959510462674575459e-01
2.085713831466290413e-01
1.971069957001607975e-01
2.074519833412559466e-01
1.701648835555271688e-01
1.915975301640293615e-01
2.105920642357482220e-01
1.795121381146039252e-01
1.580037718068916797e-01
1.768557103701964284e-01
1.614846787741409107e-01
1.971790746549429985e-01
1.206940134276775212e-01
2.003290753102015542e-01
1.393921159437281898e-01
1.942734780500056102e-01
1.989537220926796968e-01
2.031762004177342928e-01
2.091651166144269380e-01
1.238908643809020355e-01
1.943341986053543913e-01
7.248215502512568575e-02
2.004856839823607184e-01
1.880489636736620007e-01
1.749437635127042701e-01
1.750167688219795015e-01
