9.630974671638049822e-02
9.441787670824476619e-02
7.990700006483085482e-02
8.587336946899037926e-02
9.740530697768029489e-02
8.400161358014959778e-02
7.572082989956459287e-02
9.855508861409081889e-02
5.559603027806490211e-02
9.544790338519791584e-02
5.197028078451844391e-02
8.178872768365273715e-02
5.103314496019344115e-02
9.314389356883659432e-02
6.420629959109057372e-02
8.250210835572048540e-02
9.451607668233107107e-02
5.780158354966497686e-02
5.635578654121141395e-02
5.173412838289525445e-02
6.308248215638605216e-02
8.694316653872118106e-02
6.971599487970246700e-02
9.836215822275432008e-02
6.075225821758743761e-02
8.352376155724458573e-02
5.833860535060549080e-02
4.211225364043076624e-02
8.436362673925865141e-02
7.751488961173245984e-02
7.440599424519675487e-02
9.456253581965148869e-02
1.001800619295553918e-01
5.831505938867962563e-02
6.895355174070885718e-02
9.513029983921761357e-02
5.605949301403891083e-02
9.973049493545918520e-02
7.230574409595677543e-02
7.632878374816921829e-02
4.878547391824765433e-02
9.685184952045904072e-02
8.867592251225578370e-02
7.961492572597851647e-02
7.826857009557541822e-02
4.939498711655519736e-02
7.849930732201773620e-02
8.083729072585997544e-02
8.360743796223395197e-02
9.938877630391541873e-02
6.114162147889230098e-02
8.430608835880708252e-02
6.591099853449169932e-02
5.261209176871041449e-02
9.042921674829043632e-02
7.223226478770239378e-02
9.909558578646342208e-02
4.141981578178939583e-02
5.852466884493596339e-02
1.021608218387801553e-01
8.246140465853878110e-02
8.869282511974385663e-02
8.982341147817553273e-02
6.627921909122072575e-02
6.369551130300250830e-02
8.678199655479323926e-02
6.480495283618714630e-02
9.660657950172675534e-02
9.166443797014944828e-02
9.554762832352878266e-02
9.297989588357633006e-02
1.017528154113825356e-01
8.477234619737959720e-02
1.001806862673276233e-01
1.027959088897333895e-01
4.969900523080132693e-02
8.616172971144231418e-02
7.069927262763614495e-02
9.448281643404649044e-02
8.949335245915267245e-02
8.149184732113269602e-02
5.588125308502030208e-02
9.948995872711040300e-02
8.190577426201996192e-02
8.802878240501023355e-02
1.017054072378010821e-01
9.161327005277261626e-02
6.612094649307619088e-02
9.588207335713264112e-02
8.756829371046470634e-02
9.286905979218212925e-02
9.677370816569692835e-02
9.040429201452147845e-02
9.159995399472142807e-02
9.745674056592035228e-02
8.392394760842009083e-02
8.214038729267407468e-02
9.860381230652731643e-02
6.003687065855491112e-02
7.421584774902360848e-02
5.941999341746281166e-02
9.876298976305739052e-02
8.209066084416721809e-02
3.926599828633027534e-02
8.474301726615750263e-02
9.095912393066320212e-02
9.182158842948029420e-02
5.492846941676227113e-02
8.226917657300886200e-02
9.288563138790115192e-02
8.527831393786912406e-02
9.506796483402631115e-02
9.366566560817748965e-02
5.354809137556600096e-02
8.075218810704326566e-02
7.549978509302748830e-02
1.016444301451691762e-01
5.245124695615652893e-02
5.713456402378534749e-02
6.942156876502859897e-02
8.585264709398096605e-02
8.900333240539561042e-02
1.037452431244344636e-01
8.684911435155570625e-02
9.942147243585044980e-02
6.688281082076023842e-02
8.893593022119479496e-02
9.550632833836968094e-02
1.026996867117538070e-01
6.297495956680754237e-02
9.071730700521106472e-02
8.582007789457914149e-02
8.100371337490719359e-02
9.496902722716329959e-02
9.310375542264721915e-02
9.009051822358131456e-02
6.754281583114929433e-02
5.589891813440078794e-02
9.616654319755424396e-02
9.073416209857769477e-02
9.837954488856341662e-02
7.858661276773538928e-02
6.345652446502048072e-02
8.569690368776153311e-02
8.260921324940471988e-02
7.466284861146724183e-02
8.557927517298959119e-02
9.187130501824547490e-02
