9.504043954584798356e-04
1.339395255217648018e-01
5.363818407077845839e-04
1.681887219941319844e-01
4.058208938658375287e-02
1.099055013298099737e-01
2.203136244656851012e-02
4.265440234375313978e-03
5.628792789912536072e-03
1.353852464739607464e-01
7.844991934089137753e-02
5.758423976792477993e-03
2.373682827219417862e-04
3.725806541309549611e-03
4.644212099529516232e-31
5.035639049812389023e-02
1.115848033765565600e-01
4.644212099529516232e-31
4.064647092942733075e-02
6.794880725324432824e-02
3.646952272656375782e-02
8.639178540251453431e-02
5.332921288644185825e-02
9.258749991911112420e-02
1.197511038920832799e-01
6.418604824592678837e-02
1.276497123342216766e-01
1.201751838237754139e-01
4.067469450659164272e-03
8.042623174897127469e-02
1.754705004057741935e-01
6.104646943609403319e-03
6.602056593225341663e-02
1.463228121291994255e-01
9.517744585647036366e-04
2.872074671830744663e-02
1.576108483996081500e-01
6.498776558796074028e-03
1.291716369721345181e-01
1.449261142928964796e-01
4.644212099529516232e-31
4.644212099529516232e-31
6.216386666513068482e-02
8.509353233535065924e-06
2.164841892668192547e-01
4.644212099529516232e-31
7.163111123610786668e-02
9.724146110448582403e-02
8.940460114788354937e-03
1.133140030792531561e-01
1.434690574876709424e-01
8.759044589616482579e-02
1.708169735367675787e-02
4.387728895656311384e-02
1.264291293578435893e-01
5.620419645403546341e-03
1.691806995443095041e-01
1.382865043726078658e-01
1.305793217941310091e-01
1.216542516920828682e-01
1.015329496403540727e-02
2.041050321943699286e-01
1.003171893665992659e-01
1.148236162170913899e-01
8.923339883777246795e-02
8.503429869492420620e-03
1.754946873564367238e-01
1.597191025570050826e-01
4.313941607663535766e-03
4.644212099529516232e-31
5.304016294448569979e-02
7.887956934319849400e-02
5.986280228904407308e-02
4.644212099529516232e-31
7.599301158374244247e-02
5.330983899654626046e-02
5.769474808793648851e-02
7.113332262546087637e-02
9.952690782991502338e-02
3.294165546676718070e-02
1.805375259273361843e-01
1.979316965733393239e-26
6.876074014674918300e-02
5.802376221948754575e-02
1.378248170209417367e-01
9.943867705690848102e-02
1.160282448893130564e-01
5.958243506881127916e-02
9.014803096973633689e-02
1.979316965733393239e-26
1.255689594655249597e-01
1.755985207258399787e-04
1.143107177578417954e-01
1.571651373221999992e-01
1.905959775073353957e-01
7.162665584510922653e-03
5.206891386255315529e-02
6.436361730237925849e-02
4.644212099529516232e-31
4.644212099529516232e-31
3.341063060731262052e-02
3.270122324234744915e-02
2.229949208379376421e-03
1.091986031501029353e-01
6.347960852585969420e-03
1.570812095882780646e-01
7.208340366196491766e-02
1.702429482490525406e-02
2.057666815023110329e-01
1.555072025304840011e-01
1.198887236940096718e-01
4.644212099529516232e-31
2.566952504136975691e-02
2.813050165899820543e-02
5.185344311447747517e-02
1.591887654469770100e-04
4.347971622408238618e-02
1.300830234712254188e-02
2.530277316563218221e-02
