1.898877534107306642e-01
1.788922659739307086e-01
1.587719536927841013e-01
1.697764377893595522e-01
1.774372282771478071e-01
1.461518566948870335e-01
1.700830047464078898e-01
1.886211366372768372e-01
8.503688634563363880e-02
1.817432587702904889e-01
1.973770351424251890e-01
1.808955387839294160e-01
9.984267299390495176e-02
1.703557057870955793e-01
1.630266491725549938e-01
1.529538107949584835e-01
1.197315388653382717e-01
1.789449627734861770e-01
1.430006395569694833e-01
1.837607242180010758e-01
1.816482875511801209e-01
1.858795989475665877e-01
1.944026774804813174e-01
5.047285616077872017e-02
1.859415145765189459e-01
2.357885921419722742e-03
1.782078633351934782e-01
1.504108118721757537e-01
1.534499409947756021e-01
1.653346364557606307e-01
1.315186710496758227e-01
1.937890082675767789e-01
1.201251224123629086e-01
2.865786526030313780e-02
1.688700206800889669e-01
1.602510462602076413e-01
1.767082768293401218e-01
9.209554682600622211e-02
1.583749405786159525e-01
1.491876474023207388e-01
