1.473495745214849773e-01
1.427285087653471785e-01
1.511055047233019755e-01
1.305155906894797102e-01
1.489732175904444345e-01
1.113482868979326357e-01
7.286261977634904408e-02
1.299668916422323794e-01
1.483896733077720020e-01
1.467113661804822222e-01
1.502477456817191415e-01
9.958998643901180448e-02
1.662999446871145925e-01
1.640049513877948062e-01
1.423136752823080109e-01
1.414357662340509358e-01
1.374669083094701982e-01
1.162109369892992405e-01
1.382216437235283812e-01
1.339335359130843783e-01
1.317283491999942380e-01
1.019486928577743173e-01
1.388151861720818836e-01
9.519700076150194867e-02
1.152883878103799914e-01
1.446693843847648153e-01
1.223724830715650774e-01
1.425345287151763285e-01
7.983670217163182925e-02
1.162534329015061790e-01
1.319310472332882178e-01
8.269350034205003031e-02
1.202745129339769514e-01
1.322471251765250100e-01
1.345622288588854687e-01
1.109405215972124326e-01
1.653077878972936954e-01
1.196786527585563531e-01
1.072879123766423137e-01
9.381415803009793275e-02
1.123648404183335420e-01
1.364512425554284536e-01
1.535471083802396053e-01
1.549392216433709002e-01
1.294543390097625257e-01
1.356747555710388908e-01
1.529023567747526124e-01
1.103709472814820014e-01
1.292716797631656422e-01
1.434904763548247308e-01
1.338001083679851988e-01
1.412977972857046294e-01
1.045111562027062208e-01
1.346915450868604036e-01
1.194917952823147389e-01
1.484816709580783767e-01
1.252203809824225522e-01
6.852492722555361682e-02
9.331880006783624393e-02
8.783345085570835875e-02
