1.019905028491183141e-01
8.300238540880408578e-02
4.349239388962866659e-02
8.632555111639611534e-02
8.969134848903284607e-02
9.619626520596548380e-02
8.817302346393726675e-02
9.850942857458649948e-02
6.731803159566067396e-02
1.053204671774147783e-01
6.691013037760785986e-02
8.082083307168061448e-02
9.706808643891286226e-02
9.208617445320159411e-02
5.865887307523139083e-02
6.978317239119544158e-02
9.794545827439880836e-02
5.448586379984995953e-02
6.240163275872945975e-02
5.972541529623322243e-02
1.045213986099326475e-01
5.808352755903959524e-02
8.714992967582053940e-02
1.024686338988725631e-01
7.742889744643442762e-02
6.724508634636894300e-02
7.299279218109554213e-02
1.009461958252011737e-01
9.479954481131105948e-02
9.235044171989929829e-02
5.898708593337383121e-02
7.889656136174594270e-02
9.037251407122760816e-02
5.983303401516600062e-02
1.038929135349123400e-01
8.568231711902872527e-02
7.597555664245557450e-02
9.532362309664400846e-02
1.007646469021264701e-01
8.710029301837257654e-02
6.160225228648553986e-02
7.998792479454662485e-02
9.948748569327157953e-02
6.510381465435396975e-02
5.415068708786201224e-02
9.705684546060584783e-02
7.081568392113794796e-02
5.755202037767101486e-02
7.776145742542971140e-02
1.073502819543836334e-01
9.366513169878971923e-02
9.503035095138645527e-02
1.042966623823032013e-01
5.124618553022942946e-02
9.056666932775446488e-02
8.820703729817859495e-02
7.322600599693179779e-02
1.038402680270764100e-01
6.790797162178120738e-02
9.923086398090917581e-02
9.545182057000144160e-02
9.558216709728453719e-02
8.255960876249067437e-02
9.986689471045616384e-02
6.909560800095884692e-02
9.561706672955073982e-02
8.942721523568163133e-02
8.343411534656675066e-02
9.210009896057651246e-02
6.808293243510618598e-02
8.713616093896767167e-02
8.704025708352632063e-02
8.735560168972550388e-02
7.762206922727528380e-02
5.941322530636011096e-02
9.006957549046687439e-02
9.322688210577179113e-02
9.959647096254593823e-02
9.736422678140271847e-02
8.499038061907258912e-02
7.701866955932669401e-02
9.644623541289867874e-02
6.822581221390659756e-02
9.688540385477588390e-02
7.961632029914170183e-02
6.279735122164971373e-02
9.914487166533925144e-02
9.201656607540147081e-02
9.831322463930965150e-02
8.665583706996848878e-02
1.024061269103689054e-01
1.022831103455678903e-01
8.398932815659473916e-02
6.284446342538350938e-02
8.750494860489006765e-02
9.014310289149460309e-02
9.124813418006748333e-02
5.050361061002629770e-02
8.826465058556892673e-02
8.056745510657739584e-02
8.804710322926130595e-02
1.018301351509149355e-01
9.602378032283606646e-02
5.793504247152100189e-02
5.900763937131753289e-02
4.369540577023012934e-02
9.562205438375831479e-02
4.418377230845108028e-02
8.602604010538887624e-02
8.516845703522323008e-02
7.324427142240544364e-02
8.359380736859955974e-02
6.870639405445942705e-02
8.857515920383114694e-02
5.964965881357299493e-02
9.312008708909201571e-02
5.623413471121358614e-02
9.241869732290379502e-02
5.552601623628034694e-02
8.249150576380837041e-02
9.815408711898732097e-02
9.893562814970292829e-02
8.882370680595719215e-02
5.834922093798369097e-02
1.098206619650850119e-01
9.137704336758535606e-02
9.896029373028987497e-02
8.738580607898635555e-02
9.854727398850010589e-02
9.550770820034615305e-02
5.852707088549112535e-02
1.030516375310881333e-01
1.013584252815889070e-01
7.679017635027182709e-02
9.769131348304060936e-02
9.535495058384697853e-02
9.428195846754908183e-02
1.033087611837014697e-01
