1.543265722309885291e-01
1.752627212805006052e-01
1.434072795925762089e-01
1.568551789783089734e-01
1.827632614791207255e-01
1.083737540405825123e-01
1.674823653478575702e-01
1.702758534886569253e-01
1.417302858489145334e-01
1.498726883894470063e-01
1.090482758087296666e-01
8.604469890102874052e-02
1.576709791192634491e-01
1.829159246400929584e-01
3.321465472726555651e-02
1.573745731184357233e-01
1.512033272294974195e-01
1.191807660456103840e-01
1.649522616076218584e-01
1.446641156109243487e-01
1.637740334389960195e-01
1.664839437209448825e-01
1.539792051532048456e-01
7.498655815951844883e-02
1.180699252893672863e-01
1.852778398187792108e-01
1.495472634673245538e-01
1.580526781259858349e-01
4.254862549533660471e-02
1.545867801678692255e-01
1.405669192345186391e-01
4.218354160396281527e-02
1.238373798633464196e-01
1.469206553739535459e-01
1.433636338897480988e-01
1.133398135061351453e-01
1.836676834198430752e-01
1.246502026191677742e-01
1.070690492808887562e-01
8.422847057160028073e-02
1.123331491455731579e-01
1.520153601229125850e-01
1.410857059035285077e-01
1.718143647292080245e-01
9.769416906295572134e-02
1.491418544315359085e-01
1.709178084137622788e-01
1.088362941058266531e-01
1.351969500592946627e-01
1.603487027230267870e-01
