7.760724817685778210e-02
3.014360619268713348e-02
1.343405488684490390e-01
1.198560958268009569e-01
7.747683235387180234e-02
1.765883544361403767e-01
7.854095423105411644e-02
3.694009492421126278e-02
4.774464194816745166e-02
6.992366013210543629e-02
1.862669197989874625e-01
1.674565163429260761e-01
1.956447238247140813e-02
1.578653583123430793e-01
9.031479388488317106e-02
4.577243568651664929e-02
1.700636846175915540e-01
6.775471627490127491e-02
1.583846417588188615e-01
1.888776866579549574e-01
1.538297699356846182e-01
1.161177904709071729e-01
1.416549339454009904e-01
1.793828531394953130e-01
1.674934027879271814e-01
1.494568260261873727e-01
1.570237924422439035e-01
1.238083162498752748e-01
1.469083123002274671e-01
1.262853552386463685e-01
1.624163398835811456e-01
1.835546805302001871e-01
1.840668524761904234e-01
1.836853954127763699e-01
1.671975643226704944e-01
1.697193584608572281e-01
1.344390210775837646e-01
1.892810429264016048e-01
1.922877166821272132e-01
1.579406504647091203e-01
1.723886498977127979e-01
1.866919676692228858e-01
1.935660190653487878e-01
1.581134957991056356e-01
1.452361123622837313e-01
5.895310782479273176e-02
1.019851849037078373e-01
1.550781538093872203e-01
9.406863380181169215e-03
1.117301085822103024e-01
