1.200000000000000000e+02
1.190000000000000000e+02
1.160000000000000000e+02
1.200000000000000000e+02
1.200000000000000000e+02
1.200000000000000000e+02
1.170000000000000000e+02
1.160000000000000000e+02
1.060000000000000000e+02
1.170000000000000000e+02
1.200000000000000000e+02
1.190000000000000000e+02
9.500000000000000000e+01
1.090000000000000000e+02
1.170000000000000000e+02
1.190000000000000000e+02
1.190000000000000000e+02
1.190000000000000000e+02
1.200000000000000000e+02
1.190000000000000000e+02
1.200000000000000000e+02
1.200000000000000000e+02
1.200000000000000000e+02
1.190000000000000000e+02
1.200000000000000000e+02
1.200000000000000000e+02
1.180000000000000000e+02
1.190000000000000000e+02
1.200000000000000000e+02
1.200000000000000000e+02
1.180000000000000000e+02
1.180000000000000000e+02
1.190000000000000000e+02
1.200000000000000000e+02
1.130000000000000000e+02
1.190000000000000000e+02
1.190000000000000000e+02
1.120000000000000000e+02
1.200000000000000000e+02
1.200000000000000000e+02
1.120000000000000000e+02
1.180000000000000000e+02
1.200000000000000000e+02
1.180000000000000000e+02
1.190000000000000000e+02
1.190000000000000000e+02
1.190000000000000000e+02
1.170000000000000000e+02
1.170000000000000000e+02
1.160000000000000000e+02
1.180000000000000000e+02
1.200000000000000000e+02
1.200000000000000000e+02
1.190000000000000000e+02
1.170000000000000000e+02
1.170000000000000000e+02
1.190000000000000000e+02
1.200000000000000000e+02
1.200000000000000000e+02
1.200000000000000000e+02
1.190000000000000000e+02
1.190000000000000000e+02
1.200000000000000000e+02
1.190000000000000000e+02
1.200000000000000000e+02
1.050000000000000000e+02
1.200000000000000000e+02
1.200000000000000000e+02
1.200000000000000000e+02
1.200000000000000000e+02
1.180000000000000000e+02
1.170000000000000000e+02
1.200000000000000000e+02
1.180000000000000000e+02
1.200000000000000000e+02
1.200000000000000000e+02
1.170000000000000000e+02
1.190000000000000000e+02
1.200000000000000000e+02
1.200000000000000000e+02
1.200000000000000000e+02
9.900000000000000000e+01
1.200000000000000000e+02
1.200000000000000000e+02
1.200000000000000000e+02
1.180000000000000000e+02
1.200000000000000000e+02
1.140000000000000000e+02
1.200000000000000000e+02
1.130000000000000000e+02
1.200000000000000000e+02
1.100000000000000000e+02
1.200000000000000000e+02
1.200000000000000000e+02
1.190000000000000000e+02
1.150000000000000000e+02
1.190000000000000000e+02
1.200000000000000000e+02
1.190000000000000000e+02
1.200000000000000000e+02
1.170000000000000000e+02
1.150000000000000000e+02
1.170000000000000000e+02
1.180000000000000000e+02
1.060000000000000000e+02
1.180000000000000000e+02
1.130000000000000000e+02
1.180000000000000000e+02
1.190000000000000000e+02
1.200000000000000000e+02
1.170000000000000000e+02
1.140000000000000000e+02
1.200000000000000000e+02
1.170000000000000000e+02
1.190000000000000000e+02
1.150000000000000000e+02
1.180000000000000000e+02
1.150000000000000000e+02
1.190000000000000000e+02
