9.931524568742940151e-02
9.704803467711173304e-02
8.045519233097825351e-02
8.704429128464663545e-02
9.991916655985305651e-02
8.463997899337494246e-02
7.488301139107922388e-02
1.016555285354776017e-01
4.632402605424162240e-02
9.820377064861128547e-02
3.726472162518282977e-02
8.047505708763057208e-02
3.569974042719088747e-02
9.657003537699597462e-02
5.819584899242541409e-02
8.277954788737520997e-02
9.747421309775171350e-02
5.124340423293142349e-02
4.799822623670621513e-02
3.578077615691798580e-02
5.536610260449233156e-02
8.975851862054380625e-02
7.098400498881465848e-02
1.022513830188316319e-01
5.468917800459265066e-02
8.368621546615262474e-02
4.855675000226494786e-02
2.343211746529461417e-02
8.683717096056683959e-02
7.668456629862059615e-02
7.379948068722634591e-02
9.734345420185532005e-02
1.033744076685970265e-01
5.013304765638888771e-02
6.356644768400453172e-02
9.815483350313151945e-02
4.970874698523858326e-02
1.026203108372147482e-01
7.105764213217688474e-02
7.391707273012368407e-02
3.744354954789718554e-02
1.004736522529067894e-01
9.109974398688128194e-02
8.171369908123062020e-02
7.809539894668326987e-02
3.303528725405127653e-02
7.451189834079069430e-02
7.956681558115984154e-02
8.309832352877369321e-02
1.024135583056234450e-01
5.316408145294913151e-02
8.660450592021634586e-02
6.288418100141728029e-02
4.303606929237395462e-02
9.341515612962135451e-02
7.161107228528161561e-02
1.022593517220766052e-01
2.502051277391449322e-02
5.060680239282175363e-02
1.057901490578309345e-01
8.253816419448813113e-02
9.068253333763078017e-02
9.253878497386866520e-02
6.489294270579074042e-02
5.867952574709089930e-02
8.636420876999728602e-02
5.814107310952885271e-02
9.982095300988602649e-02
9.313968059415286826e-02
9.868321205910933480e-02
9.577281856816735606e-02
1.056938624945423788e-01
8.567452465453315180e-02
1.043585382008758722e-01
1.067409792764021370e-01
3.605436806614698703e-02
8.738189929283103619e-02
6.768712066551058060e-02
9.771871452032288019e-02
9.147121717940089047e-02
7.996033642630318017e-02
4.324978380639581815e-02
1.029826429591542830e-01
8.158755115105432998e-02
8.827432045028511809e-02
1.053712809545275519e-01
9.413427073937610801e-02
6.116158317997599791e-02
9.861173554847026124e-02
9.019927244386452547e-02
9.521171666687593127e-02
9.914428957812995713e-02
9.153197643425775576e-02
9.088470355741512519e-02
1.009517058161078229e-01
8.451253479952934577e-02
8.076720082076122020e-02
1.022353022499233322e-01
5.323937528100915889e-02
7.216644489230740478e-02
5.329971615503130422e-02
1.025461668978239343e-01
8.205014517545901331e-02
1.807243820943406354e-02
8.740237548504821430e-02
9.332985981318973889e-02
9.420172869292174622e-02
4.420240709066450974e-02
8.236663316039538607e-02
9.418532634030930828e-02
8.624627736905965403e-02
9.872932747511203866e-02
9.605198932236659604e-02
4.138531365328933231e-02
8.301822614788645360e-02
7.263605349013571577e-02
1.056495334389951912e-01
3.619714599629273583e-02
5.136656916480861201e-02
6.604102212632005642e-02
8.752254981525027511e-02
9.047591000008993467e-02
1.074493658770431515e-01
8.782880097920404971e-02
1.033254413166249108e-01
6.185514771861972544e-02
9.094549209454941274e-02
9.881445703129852765e-02
1.059686840952984155e-01
5.933555780645078520e-02
9.116115323051243724e-02
8.678803584270826377e-02
8.278198338088807451e-02
9.660181357891954590e-02
9.511786744989574049e-02
9.334324998836669718e-02
6.429448356614193838e-02
4.820547414573549821e-02
9.916405217159231233e-02
9.183052015466942886e-02
1.023693375290941204e-01
7.767174096268836259e-02
5.803671642354941984e-02
8.852657624979325124e-02
8.440108526831469060e-02
7.266706475437639812e-02
8.714910732682037975e-02
9.532390192524839434e-02
