1.200978893058063657e-01
1.106740359465223922e-01
1.387883243465466987e-01
1.317739443967787527e-01
1.215232454882387708e-01
1.542196472408563224e-01
1.212695986468626808e-01
1.001036644739385223e-01
1.116792876661723694e-01
1.220929652178435465e-01
1.618991079267364797e-01
1.513799968517336447e-01
1.083067076309563170e-01
1.483427645782813276e-01
1.273367363929159002e-01
1.168382424690118798e-01
1.555125559893594800e-01
1.159883444398807362e-01
1.496802988056486206e-01
1.591564558244554783e-01
1.464455146804333474e-01
1.315744734772398838e-01
1.405284498088579803e-01
1.570488991740848772e-01
1.546046977525960819e-01
1.446649876060463191e-01
1.457784888540432922e-01
1.418668957095881311e-01
1.427868840534490535e-01
1.411436984791995808e-01
1.543054045250074058e-01
1.560709072946101506e-01
1.582398857073816778e-01
1.609179885974721669e-01
1.515666327503709387e-01
1.545909772150586003e-01
1.410835702392589375e-01
1.631553506201711690e-01
1.619730585102597542e-01
1.512755344140626623e-01
1.563591250146509626e-01
1.621592901071094162e-01
1.649830604370880749e-01
1.451680874923641507e-01
1.427579598497059621e-01
1.130634134941695540e-01
1.271531605066918980e-01
1.470619549070290855e-01
9.717984546133316692e-02
1.311375845299349308e-01
