1.101620147584750076e-01
1.475944127965234942e-01
1.289239875251916301e-01
1.289667439663416404e-01
1.385669023258311594e-01
1.501672224516226173e-01
1.519424333371547642e-01
1.090505152423162233e-01
9.835568751756354478e-02
1.286701195276321597e-01
7.957725354326086742e-02
1.296745996437745629e-01
1.018990368774650435e-01
1.524728109891924366e-01
1.403167104242105390e-01
1.368207405140662858e-01
1.127113825152688265e-01
1.392984129420585526e-01
1.046774219659404453e-01
1.177779834150672611e-01
1.398922807044960526e-01
1.418979883801305686e-01
1.459062158138204335e-01
1.188085747355166755e-01
1.313626525116221022e-01
1.439245779801581193e-01
9.753935334721315631e-02
1.265314402873552735e-01
1.360092666075324308e-01
1.069953146641119679e-01
1.415967320705134869e-01
1.454652882555373117e-01
1.378196945646352756e-01
1.307684869263092131e-01
1.092364152330282251e-01
9.257089242462050727e-02
1.248636980245886596e-01
1.387469607882092504e-01
1.439243377045032191e-01
1.261742053762944515e-01
1.314842647588204960e-01
1.374707299494608570e-01
1.303874716341508477e-01
1.410610410580701857e-01
1.554134468986499984e-01
1.272076389976987132e-01
1.221312006917620180e-01
1.319903221223765188e-01
1.298400520767850619e-01
1.329435393740195648e-01
1.388398440802255662e-01
1.037730898835063920e-01
1.387688934575910804e-01
1.112969851970470186e-01
1.133635434927600244e-01
1.422436172010322075e-01
1.431062843693085562e-01
1.512333553061380176e-01
8.600556822968950799e-02
1.187336731660706274e-01
