2.011356475021207624e-01
1.884015514799175506e-01
1.672994651167409585e-01
1.819524764620283619e-01
2.018443778085332874e-01
1.922117034808060732e-01
2.068830773614916685e-01
2.193504829697761616e-01
1.770862961070348018e-01
1.895750946997328823e-01
1.548874558338023955e-01
1.826831539501957702e-01
2.236632312762061869e-01
2.236816146302368913e-01
1.052240638598522099e-01
2.046275918706034758e-01
1.814438656929675819e-01
1.934122566792354225e-01
2.094890502930354947e-01
1.289679668954007430e-01
1.549735600594700502e-01
1.414972090861061627e-01
1.802898966284826876e-01
1.489710970263118661e-01
1.577514764282141879e-01
2.090866060871467424e-01
1.843834818056598601e-01
1.891069036683352134e-01
1.094967288852976145e-01
1.917089734822142177e-01
