1.390000000000000000e+02
1.330000000000000000e+02
1.080000000000000000e+02
1.290000000000000000e+02
1.380000000000000000e+02
1.380000000000000000e+02
1.380000000000000000e+02
1.350000000000000000e+02
1.320000000000000000e+02
1.350000000000000000e+02
1.290000000000000000e+02
1.300000000000000000e+02
1.390000000000000000e+02
1.330000000000000000e+02
1.080000000000000000e+02
1.360000000000000000e+02
1.390000000000000000e+02
1.270000000000000000e+02
1.320000000000000000e+02
1.100000000000000000e+02
1.350000000000000000e+02
1.210000000000000000e+02
1.350000000000000000e+02
1.360000000000000000e+02
1.390000000000000000e+02
1.290000000000000000e+02
1.310000000000000000e+02
1.350000000000000000e+02
1.380000000000000000e+02
1.310000000000000000e+02
1.170000000000000000e+02
1.270000000000000000e+02
1.340000000000000000e+02
1.330000000000000000e+02
1.390000000000000000e+02
1.340000000000000000e+02
1.360000000000000000e+02
1.390000000000000000e+02
1.370000000000000000e+02
1.380000000000000000e+02
1.240000000000000000e+02
1.370000000000000000e+02
1.380000000000000000e+02
1.310000000000000000e+02
1.150000000000000000e+02
1.330000000000000000e+02
1.330000000000000000e+02
1.220000000000000000e+02
1.360000000000000000e+02
1.350000000000000000e+02
1.330000000000000000e+02
1.380000000000000000e+02
1.380000000000000000e+02
1.060000000000000000e+02
1.350000000000000000e+02
1.360000000000000000e+02
1.320000000000000000e+02
1.350000000000000000e+02
1.310000000000000000e+02
1.370000000000000000e+02
1.370000000000000000e+02
1.370000000000000000e+02
1.380000000000000000e+02
1.390000000000000000e+02
1.290000000000000000e+02
1.330000000000000000e+02
1.390000000000000000e+02
1.360000000000000000e+02
1.370000000000000000e+02
1.270000000000000000e+02
1.350000000000000000e+02
1.350000000000000000e+02
1.360000000000000000e+02
1.360000000000000000e+02
1.160000000000000000e+02
1.350000000000000000e+02
1.320000000000000000e+02
1.360000000000000000e+02
1.370000000000000000e+02
1.340000000000000000e+02
1.280000000000000000e+02
1.390000000000000000e+02
1.350000000000000000e+02
1.380000000000000000e+02
1.330000000000000000e+02
1.260000000000000000e+02
1.390000000000000000e+02
1.340000000000000000e+02
1.380000000000000000e+02
1.370000000000000000e+02
1.390000000000000000e+02
1.350000000000000000e+02
1.320000000000000000e+02
1.300000000000000000e+02
1.350000000000000000e+02
1.330000000000000000e+02
1.320000000000000000e+02
1.210000000000000000e+02
1.270000000000000000e+02
1.240000000000000000e+02
1.340000000000000000e+02
1.390000000000000000e+02
1.370000000000000000e+02
1.140000000000000000e+02
1.340000000000000000e+02
9.000000000000000000e+01
1.390000000000000000e+02
9.700000000000000000e+01
1.340000000000000000e+02
1.360000000000000000e+02
1.220000000000000000e+02
1.360000000000000000e+02
1.360000000000000000e+02
1.310000000000000000e+02
1.140000000000000000e+02
1.320000000000000000e+02
1.270000000000000000e+02
1.360000000000000000e+02
1.130000000000000000e+02
1.310000000000000000e+02
1.350000000000000000e+02
1.330000000000000000e+02
1.350000000000000000e+02
1.120000000000000000e+02
1.380000000000000000e+02
1.380000000000000000e+02
1.360000000000000000e+02
1.340000000000000000e+02
1.350000000000000000e+02
1.370000000000000000e+02
1.340000000000000000e+02
1.370000000000000000e+02
1.370000000000000000e+02
1.290000000000000000e+02
1.350000000000000000e+02
1.390000000000000000e+02
1.370000000000000000e+02
1.390000000000000000e+02
