1.054290063035870778e-01
8.241607037623370491e-02
2.072046191255123848e-02
8.658864449232579752e-02
9.143473445578383096e-02
9.936630180208613772e-02
8.936056280999529755e-02
1.006964678171537592e-01
6.389227367457968321e-02
1.093013535215529713e-01
6.149501956957336563e-02
8.044704890884221693e-02
1.004551106980847014e-01
9.469940590162873040e-02
4.810374701004400955e-02
6.976701931348992802e-02
1.009274311681866571e-01
3.798541586427250927e-02
5.702673015948999530e-02
5.137925399829425255e-02
1.076922074155170772e-01
4.963774304900404888e-02
8.755744069130642904e-02
1.056179383853319692e-01
7.905203296586983674e-02
6.198254767283525868e-02
6.919750203597616056e-02
1.032603484821651429e-01
9.672777715902894369e-02
9.426033207273010195e-02
5.311798132559041735e-02
7.439024327026694250e-02
9.063969276291705679e-02
5.393855018056438466e-02
1.076885192167140876e-01
8.594745778163498384e-02
7.524143766847968262e-02
9.854616909280614068e-02
1.041909322004513777e-01
8.734310865861710793e-02
5.752783021665121288e-02
8.182099514538752894e-02
1.029116632317729763e-01
5.670176701531533942e-02
4.167547604868848676e-02
9.924570188611753219e-02
6.750378487700008090e-02
4.676122941462416277e-02
7.563372135095938753e-02
1.111647960627803744e-01
9.556814172765711046e-02
9.695223726193043234e-02
1.080177911971024612e-01
3.514156741243094212e-02
9.131922313106909106e-02
8.913978970491667764e-02
6.833478338384460504e-02
1.068739869763538769e-01
6.214741935622738328e-02
1.012570140750066461e-01
9.753667591211266641e-02
9.751618631607961163e-02
8.425043747169079500e-02
1.034466794233171866e-01
6.351880680523562528e-02
9.780287224734171558e-02
9.192968171004796407e-02
8.423588057998281087e-02
9.440847438661996438e-02
6.415716251711160723e-02
8.809846976521561179e-02
8.751450093136714514e-02
8.987524173271083106e-02
7.799320426086205071e-02
5.076947442701214980e-02
9.105187782732607205e-02
9.422517318635012518e-02
1.029302691788130525e-01
9.957883277120202492e-02
8.630208922088203338e-02
7.483623598142867539e-02
1.000115647176278433e-01
6.478110392382920024e-02
1.003898020467515334e-01
7.892709368322001207e-02
5.617159847535444644e-02
1.013277807116755025e-01
9.335928629736496565e-02
1.007705331409053939e-01
8.802832455656320332e-02
1.062996604428487896e-01
1.053772026880113594e-01
8.281235135237752232e-02
5.794930406534708894e-02
8.862057248469316917e-02
9.099076326021211802e-02
9.384045040725384756e-02
3.291446863506541920e-02
8.864562553001731349e-02
7.905555422338364502e-02
8.900598056969642735e-02
1.054179523482041414e-01
9.890137416910513291e-02
4.820271839310439482e-02
5.322463704041899973e-02
2.571376669806045567e-02
9.851817272259837110e-02
2.378159923470315670e-02
8.653641141518664259e-02
8.702981481862599733e-02
6.819862066610472839e-02
8.542839420673889461e-02
6.461674603113617965e-02
8.713348240371933395e-02
5.032448751729814290e-02
9.374545658500581247e-02
4.133036582128809394e-02
9.325304490256090817e-02
4.589798889946918731e-02
8.156111994771901574e-02
1.004432122535985350e-01
1.020696603791530349e-01
9.017782291282437634e-02
4.992559602620937759e-02
1.137021994014880272e-01
9.414975085926913234e-02
1.014313692445429488e-01
8.764372654811276864e-02
1.016279508862949904e-01
9.773865129911997462e-02
4.947030471791625389e-02
1.066403587812996406e-01
1.042050374643264526e-01
7.356859059106661547e-02
9.921268688880229003e-02
9.885407403731766296e-02
9.646947145264578305e-02
1.071913076214192073e-01
