1.471937873541755426e-01
1.425419620275250043e-01
1.509492651290763876e-01
1.303710219381955804e-01
1.488064176899388524e-01
1.112603235287226017e-01
7.520654215692441913e-02
1.298106763549633225e-01
1.482080687309074163e-01
1.465249942231482139e-01
1.500710125877699752e-01
9.947183685882271531e-02
1.660899758072260646e-01
1.637950155083244541e-01
1.421394655409064789e-01
1.412626755903306774e-01
1.372896474350572549e-01
1.160791464189424443e-01
1.380789462096398690e-01
1.340886151769802026e-01
1.315468637564315979e-01
1.027273630358843254e-01
1.386387470071609174e-01
9.549662510728508524e-02
1.159472079597641675e-01
1.444797006766875558e-01
1.222255153879059780e-01
1.423435350591421844e-01
8.024800492538534946e-02
1.161319715798884017e-01
1.318069693691249489e-01
8.323254269486886348e-02
1.201592369700076324e-01
1.320847579437979258e-01
1.351360578329345030e-01
1.108388434066949757e-01
1.650995810405280206e-01
1.199233128299181661e-01
1.078561874237091989e-01
9.414169905019388607e-02
1.127400521363312313e-01
1.362962898236173004e-01
1.533659460833110555e-01
1.547826619906006451e-01
1.292896423583784205e-01
1.355184572510605423e-01
1.527072291853284469e-01
1.102541441792100202e-01
1.290847348254816895e-01
1.432961513670396314e-01
1.336408974772187452e-01
1.411194151596137369e-01
1.043823327991454109e-01
1.345201792341766123e-01
1.193213695425043852e-01
1.483023612632064503e-01
1.250754020063553074e-01
7.089222978321696456e-02
9.382195741150688162e-02
8.895352581067293707e-02
