2.462828111958648147e-01
2.373490459948399967e-01
2.598141969337473545e-01
2.393074464955506631e-01
2.258980417777867178e-01
2.354285980924473998e-01
2.351695728220279946e-01
2.311820135559353728e-01
2.032274217541936989e-01
1.869955281749148823e-01
2.330531696709061407e-01
2.502824148024576645e-01
2.438979173860057192e-01
2.110466157596635750e-01
1.885564500429302293e-01
2.317122613732439107e-01
1.304689042773319319e-01
2.403903893587850671e-01
1.693089177586593053e-01
2.303527651641114615e-01
