1.471384899045539429e-01
1.424801466057971644e-01
1.508928356567857398e-01
1.303177894701338657e-01
1.487471320064096270e-01
1.112284362154643269e-01
7.628479742833366162e-02
1.297502506666603495e-01
1.481450064443232406e-01
1.464651647033934911e-01
1.500120146831951939e-01
9.943414345643832031e-02
1.660205711631115022e-01
1.637257341484969764e-01
1.420795009949472054e-01
1.412031867966251075e-01
1.372298572337687372e-01
1.160261175173341319e-01
1.380339156913684695e-01
1.340263011854056496e-01
1.318606834049962373e-01
1.026938837204929844e-01
1.385808687653077298e-01
9.546824531520840817e-02
1.158986177291858738e-01
1.444174838290290530e-01
1.221749702177211128e-01
1.422797512100204831e-01
8.022602935998543461e-02
1.160920361807201012e-01
1.317615395777705367e-01
8.381308999576371488e-02
1.201173517395352081e-01
1.320289020032082705e-01
1.350770052822991840e-01
1.108064184844102101e-01
1.650272777098608645e-01
1.198679510787912794e-01
1.078030460304765514e-01
9.410973890358566296e-02
1.130268781389018318e-01
1.362440536544976266e-01
1.533050300744238925e-01
1.547303565622697996e-01
1.292300993436950873e-01
1.354629998424623782e-01
1.526429901240431708e-01
1.102111888342061224e-01
1.293598097848938921e-01
1.432319967603360722e-01
1.335817322710917965e-01
1.410588827956796854e-01
1.043391884389383989e-01
1.344614469144365665e-01
1.198692623469567037e-01
1.482427315451352867e-01
1.250246393512968179e-01
7.185912561445594038e-02
9.378618044936493092e-02
8.891647052108474225e-02
