1.040000000000000000e+02
1.080000000000000000e+02
1.080000000000000000e+02
9.800000000000000000e+01
1.070000000000000000e+02
1.050000000000000000e+02
1.080000000000000000e+02
1.060000000000000000e+02
1.080000000000000000e+02
1.080000000000000000e+02
1.070000000000000000e+02
1.050000000000000000e+02
1.030000000000000000e+02
9.800000000000000000e+01
1.080000000000000000e+02
9.100000000000000000e+01
1.070000000000000000e+02
1.070000000000000000e+02
1.080000000000000000e+02
1.070000000000000000e+02
1.080000000000000000e+02
1.070000000000000000e+02
1.070000000000000000e+02
1.080000000000000000e+02
1.060000000000000000e+02
1.080000000000000000e+02
1.070000000000000000e+02
1.070000000000000000e+02
1.070000000000000000e+02
1.080000000000000000e+02
1.080000000000000000e+02
1.070000000000000000e+02
1.080000000000000000e+02
1.070000000000000000e+02
1.070000000000000000e+02
1.080000000000000000e+02
1.060000000000000000e+02
1.080000000000000000e+02
1.080000000000000000e+02
1.080000000000000000e+02
1.020000000000000000e+02
1.020000000000000000e+02
1.080000000000000000e+02
1.080000000000000000e+02
9.400000000000000000e+01
1.080000000000000000e+02
1.070000000000000000e+02
1.040000000000000000e+02
1.030000000000000000e+02
1.080000000000000000e+02
1.080000000000000000e+02
1.080000000000000000e+02
1.080000000000000000e+02
1.050000000000000000e+02
1.070000000000000000e+02
1.070000000000000000e+02
1.070000000000000000e+02
1.080000000000000000e+02
1.070000000000000000e+02
1.040000000000000000e+02
1.070000000000000000e+02
1.080000000000000000e+02
1.040000000000000000e+02
1.070000000000000000e+02
1.070000000000000000e+02
1.080000000000000000e+02
1.080000000000000000e+02
1.080000000000000000e+02
1.070000000000000000e+02
1.080000000000000000e+02
1.080000000000000000e+02
1.080000000000000000e+02
1.080000000000000000e+02
8.700000000000000000e+01
1.060000000000000000e+02
1.080000000000000000e+02
1.070000000000000000e+02
1.040000000000000000e+02
1.080000000000000000e+02
1.050000000000000000e+02
1.060000000000000000e+02
1.070000000000000000e+02
1.070000000000000000e+02
1.080000000000000000e+02
1.070000000000000000e+02
1.070000000000000000e+02
1.060000000000000000e+02
1.010000000000000000e+02
1.080000000000000000e+02
1.010000000000000000e+02
1.080000000000000000e+02
1.070000000000000000e+02
1.080000000000000000e+02
1.070000000000000000e+02
1.080000000000000000e+02
1.060000000000000000e+02
1.080000000000000000e+02
1.080000000000000000e+02
1.070000000000000000e+02
1.070000000000000000e+02
1.070000000000000000e+02
1.060000000000000000e+02
1.080000000000000000e+02
1.070000000000000000e+02
1.070000000000000000e+02
1.070000000000000000e+02
1.070000000000000000e+02
