6.276569999907509467e-02
8.331872296018966173e-02
1.121871769331821284e-01
6.152196779399736470e-02
3.954945813438454083e-02
5.268440052052583006e-02
1.081786080951377821e-01
1.033020415787268970e-01
1.168272757179032312e-01
1.166492356204505837e-01
1.118660063804958332e-01
7.319867501392303411e-02
4.563731115535565874e-02
5.429448064803019808e-02
1.149337380776878081e-01
3.645706975351047097e-02
1.159821789433616024e-01
8.110020804328896271e-02
1.090329406205009927e-01
1.156442811383466135e-01
1.187730881397588978e-01
1.187927509594575853e-01
1.010877644956571508e-01
1.105598547584565050e-01
9.224079587704812899e-02
1.134443576745509247e-01
1.205040730678794691e-01
1.024221103203209471e-01
8.482473061300338513e-02
5.360896337855430155e-02
9.080421923021504693e-02
9.774879166518667117e-02
8.022710388990904329e-02
7.380076079123618071e-02
8.010838233882507098e-02
1.116226547485410087e-01
1.065181684030634540e-01
1.083218439632147451e-01
1.167150429237675119e-01
9.739455777359279365e-02
8.847251124012323054e-02
7.500689458310151603e-02
1.021375887410702760e-01
1.085413100533210579e-01
5.507445205236526781e-02
1.126586846670512010e-01
1.158545971353591025e-01
1.087869606934640798e-01
6.535385992863829152e-02
1.037437792832477251e-01
1.122419728932110422e-01
1.133987165485821624e-01
7.656494972537776500e-02
9.381905579811931906e-02
1.114022125894127274e-01
9.993090457156580952e-02
1.207634855580573263e-01
1.160780853215996750e-01
9.922989710047498690e-02
8.797694899454183703e-02
9.980821342173883115e-02
1.134153766330922297e-01
9.552895825074433911e-02
1.029227228096854380e-01
7.220503181824314276e-02
1.164230973051242485e-01
1.232456905445557943e-01
1.024852151921303023e-01
7.172692616542528099e-02
1.036848168565091544e-01
1.148728439470244750e-01
1.058623759998019859e-01
8.996686006352680454e-02
3.013082147614220066e-02
9.880432750255360719e-02
1.017416877567729888e-01
1.163441056559325198e-01
7.965820564225864486e-02
1.065766041373331641e-01
7.127018947490700029e-02
1.019899615097759754e-01
1.057338228241059136e-01
1.121155347571427957e-01
7.633538223228376884e-02
9.856354135733075283e-02
1.071433464792271445e-01
1.115148213061443183e-01
4.291338274236154715e-02
1.145687955820747228e-01
6.108363871928070010e-02
1.041638125930202941e-01
1.000759155909560633e-01
8.983860483862683710e-02
1.044156967337027397e-01
1.193994333040686029e-01
7.500307744125808695e-02
8.871124385117791500e-02
5.509727676869825841e-02
6.160912018673327800e-02
1.052372669656794490e-01
9.950371430421967034e-02
8.466240093424431956e-02
1.174071438546596680e-01
1.057390600047868751e-01
6.497146331961629884e-02
1.069694301822023130e-01
7.806322599757009595e-02
