5.989095570467534158e-02
1.115921586165329188e-01
1.322051041875453581e-01
1.390922502867873445e-01
1.298642391565242582e-01
1.246408099612913850e-01
1.208827278278296613e-01
1.259238319298416620e-01
1.357162911314120923e-01
9.084510345384541607e-02
1.305378401088432283e-01
1.337091303539332532e-01
1.234702095190446380e-01
1.340302052341848238e-01
1.336248201621068887e-01
8.468528697013369411e-02
1.183936694273309415e-01
1.150860186844203659e-01
1.300882387747490654e-01
1.127508538235016400e-01
1.180038680221697778e-01
1.276924030030043011e-01
8.728166022237771049e-02
1.116308705507172150e-01
1.340866386439703295e-01
9.910355274804648340e-02
9.654192560515888200e-02
1.339023053938289132e-01
1.042369161653865783e-01
7.581073494392689960e-02
1.257910556634283250e-01
1.148979385683665116e-01
1.275966528585613380e-01
1.308189994686881630e-01
1.327033283494830074e-01
1.101945690794614158e-01
1.354043155608713467e-01
1.172985565462462965e-01
1.340998615854016862e-01
1.294692711138225316e-01
1.156467374874955434e-01
1.045608518765172856e-01
1.278919749784817594e-01
1.396177720943647116e-01
1.382966696739602597e-01
1.318011939116234821e-01
1.203518758568531133e-01
1.369076417864708572e-01
8.708722838766146113e-02
1.257349240939151236e-01
1.335891190790950145e-01
1.388307117865334728e-01
1.123645521498793654e-01
1.240883631639993767e-01
1.006468209212913328e-01
1.227735896543116073e-01
1.387288257143222958e-01
9.634958762482136174e-02
9.955970541307757049e-02
1.297022700063995837e-01
8.638974262051503372e-02
9.026555112873420328e-02
1.061402875041307925e-01
7.695309574178239853e-02
1.296786192466718723e-01
1.415032198610702563e-01
1.206897348388637353e-01
1.211063772703699637e-01
9.059895957509071784e-02
1.435002841335443480e-01
