2.453063383989502744e-01
2.362458636806603895e-01
2.586536745093479528e-01
2.382081843375251917e-01
2.248015371335890800e-01
2.375644565632151761e-01
2.340968652880739964e-01
2.301227696722953908e-01
2.024699435645143930e-01
1.898408407524589392e-01
2.320749287059967192e-01
2.491903254646109789e-01
2.427915151274387950e-01
2.098458797401206721e-01
1.909513938936817923e-01
2.339137532594877666e-01
1.420834595999447558e-01
2.394194904144297531e-01
1.686108760175913657e-01
2.292358202384868482e-01
