1.615218707064453307e-01
1.578152407909983734e-01
1.656806599093414434e-01
1.236352694692856580e-01
1.680792596551733131e-01
6.465733067706162795e-02
1.102651250552374139e-02
1.310706361258249519e-01
1.682599991337668521e-01
1.596616532556706380e-01
1.728143047458578496e-01
4.344351951237394177e-02
2.004027846224998299e-01
1.936065894607250371e-01
1.573413873189997148e-01
1.507953158660974569e-01
1.412494056748353488e-01
7.937797548184195862e-02
1.469001299725823662e-01
1.473719540848748566e-01
1.432072318836798697e-01
4.992092025981555853e-02
1.525508757911155644e-01
2.353874795450295807e-02
9.526829497015708303e-02
1.643751598533021996e-01
1.002847453770932817e-01
1.594700817325022946e-01
1.969815737875159171e-03
8.761449860802045242e-02
1.237695660882687371e-01
1.272999704687388829e-02
8.950050611732292272e-02
1.417280585593545528e-01
1.351421823402713940e-01
6.060906438503126797e-02
1.961422984551976501e-01
1.142866809546424917e-01
6.595590574873808065e-02
1.703405757248461008e-02
6.547969801662657796e-02
1.422288973354997876e-01
1.768903041290835476e-01
1.768029499535616333e-01
1.423586135325848046e-01
1.446556839279530549e-01
1.758785988556530178e-01
6.920392211418570361e-02
1.252585757669758548e-01
1.620912158810554893e-01
1.412938548556250673e-01
1.586236963902349639e-01
6.356566310782281459e-02
1.435664996510474523e-01
1.030225165289553046e-01
1.706742166169368802e-01
1.084831103467853719e-01
8.385104271635926421e-03
2.645856964836110214e-02
2.258559111715270629e-02
