1.260000000000000000e+02
1.300000000000000000e+02
1.190000000000000000e+02
1.220000000000000000e+02
1.300000000000000000e+02
1.220000000000000000e+02
1.250000000000000000e+02
1.280000000000000000e+02
1.190000000000000000e+02
1.250000000000000000e+02
1.250000000000000000e+02
1.270000000000000000e+02
1.290000000000000000e+02
9.900000000000000000e+01
1.310000000000000000e+02
1.260000000000000000e+02
1.300000000000000000e+02
1.270000000000000000e+02
1.310000000000000000e+02
1.160000000000000000e+02
1.050000000000000000e+02
1.060000000000000000e+02
8.800000000000000000e+01
1.290000000000000000e+02
1.280000000000000000e+02
1.140000000000000000e+02
1.310000000000000000e+02
1.250000000000000000e+02
1.180000000000000000e+02
1.300000000000000000e+02
1.260000000000000000e+02
1.230000000000000000e+02
1.130000000000000000e+02
1.270000000000000000e+02
1.260000000000000000e+02
1.250000000000000000e+02
1.300000000000000000e+02
1.260000000000000000e+02
1.310000000000000000e+02
1.210000000000000000e+02
1.290000000000000000e+02
1.300000000000000000e+02
1.070000000000000000e+02
1.220000000000000000e+02
1.310000000000000000e+02
8.100000000000000000e+01
1.250000000000000000e+02
1.260000000000000000e+02
1.250000000000000000e+02
1.310000000000000000e+02
1.260000000000000000e+02
1.180000000000000000e+02
1.280000000000000000e+02
1.270000000000000000e+02
1.230000000000000000e+02
1.260000000000000000e+02
1.230000000000000000e+02
1.280000000000000000e+02
1.130000000000000000e+02
1.290000000000000000e+02
1.300000000000000000e+02
1.270000000000000000e+02
1.250000000000000000e+02
1.050000000000000000e+02
1.300000000000000000e+02
1.290000000000000000e+02
1.270000000000000000e+02
1.300000000000000000e+02
1.240000000000000000e+02
1.230000000000000000e+02
1.310000000000000000e+02
1.310000000000000000e+02
1.280000000000000000e+02
1.310000000000000000e+02
1.260000000000000000e+02
1.310000000000000000e+02
1.270000000000000000e+02
1.260000000000000000e+02
1.070000000000000000e+02
1.280000000000000000e+02
1.270000000000000000e+02
1.300000000000000000e+02
1.240000000000000000e+02
1.250000000000000000e+02
1.250000000000000000e+02
1.260000000000000000e+02
1.310000000000000000e+02
1.250000000000000000e+02
1.310000000000000000e+02
1.290000000000000000e+02
1.190000000000000000e+02
1.250000000000000000e+02
1.290000000000000000e+02
1.080000000000000000e+02
1.310000000000000000e+02
1.250000000000000000e+02
1.310000000000000000e+02
1.240000000000000000e+02
1.280000000000000000e+02
9.100000000000000000e+01
1.260000000000000000e+02
1.290000000000000000e+02
1.180000000000000000e+02
1.180000000000000000e+02
1.300000000000000000e+02
1.220000000000000000e+02
1.210000000000000000e+02
1.270000000000000000e+02
1.180000000000000000e+02
1.230000000000000000e+02
1.260000000000000000e+02
1.270000000000000000e+02
1.180000000000000000e+02
1.280000000000000000e+02
1.300000000000000000e+02
1.300000000000000000e+02
1.080000000000000000e+02
1.300000000000000000e+02
1.310000000000000000e+02
1.310000000000000000e+02
1.270000000000000000e+02
1.270000000000000000e+02
1.290000000000000000e+02
1.290000000000000000e+02
1.220000000000000000e+02
1.270000000000000000e+02
1.260000000000000000e+02
1.290000000000000000e+02
1.290000000000000000e+02
1.270000000000000000e+02
