1.380710271108206988e-01
1.709727428406631056e-01
1.523376184262827115e-01
1.483506448669548450e-01
1.597264935736931735e-01
1.532753757614753742e-01
1.723600866673856147e-01
1.670305736657020923e-01
1.113729971017475701e-01
1.440071343586282193e-01
1.643306901779003071e-01
1.594259947760897356e-01
1.596516753093267516e-01
1.410093925212766441e-01
1.490663663833324826e-01
1.460060908178803518e-01
1.245657618188586863e-01
1.601633164345376559e-01
1.338852265917775120e-01
1.412796491827964240e-01
1.198911091974550480e-01
1.433500211341889596e-01
1.704411154499224368e-01
1.011822649717900452e-01
1.611974223551472241e-01
5.866684342973913641e-02
1.556658640887863543e-01
1.432849831564876886e-01
1.430767530572058799e-01
1.437715100694594572e-01
1.344399238958499110e-01
1.681829359192226758e-01
1.277704754305793722e-01
9.544406114010425823e-02
1.505954018048492049e-01
1.413571525316456856e-01
1.558645808616240247e-01
1.144578171831244218e-01
1.429649217017548157e-01
1.405654453242146662e-01
1.589987771494495439e-01
1.456222222983886705e-01
1.105503877858664274e-01
1.422911787209721890e-01
1.151827936939353036e-01
1.105631029454592212e-01
1.417448740883917035e-01
1.334100149269571989e-01
1.115031998985244743e-01
9.995805848788130721e-02
