2.012897371946540948e-01
1.885565605899889863e-01
1.673895227681591047e-01
1.821308103533245404e-01
2.020296620765926754e-01
1.923962056242082275e-01
2.070850304561006605e-01
2.195477742475901162e-01
1.772781739094545228e-01
1.897697517946830559e-01
1.549794734696146592e-01
1.828544866710150318e-01
2.238804035643356671e-01
2.238882719403696986e-01
1.022283028864409971e-01
2.047765655452560007e-01
1.806555391253228948e-01
1.935866909692532112e-01
2.096660179679853964e-01
1.280564687458302653e-01
1.550862560111112842e-01
1.415989968795852427e-01
1.804594784507259075e-01
1.491086564382076707e-01
1.570442692059258738e-01
2.092772881955103081e-01
1.845682631907233084e-01
1.892974843905265159e-01
1.083733892793033726e-01
1.918803401412404741e-01
