1.103826697103037907e-01
7.693830952473693086e-02
6.587381344305606734e-02
9.585148646566070407e-02
1.062021509234834793e-01
6.621369265643840818e-02
9.422401222234476348e-02
1.125228790858281702e-01
7.320983847481364604e-02
1.080924759379275207e-01
1.140091313037284310e-01
1.214496713148640328e-01
1.118341857420214885e-01
7.466015353971867941e-02
1.189774514614617279e-01
8.933478640137425264e-02
6.295936956723832689e-02
9.668374003021845686e-02
7.144750118861396826e-02
9.243939016143097598e-02
9.467909366583041053e-02
1.138947539419263855e-01
7.671703259959895826e-02
9.610652791113970250e-02
7.908353349042350489e-02
8.224827837578066458e-02
1.215711159820672405e-01
1.023321775130129618e-01
1.141055482359650403e-01
5.961903264716458817e-02
7.938570313484165364e-02
1.067226451671836190e-01
1.113550385779899371e-01
1.161775252974350109e-01
1.031889805268156324e-01
1.015867075237334022e-01
1.037133862141684931e-01
1.259599252301451255e-01
1.123907577432551180e-01
9.789772397556924244e-02
7.597113224167754975e-02
1.099160782303949951e-01
1.131185648268795974e-01
1.206533611798545347e-01
1.035352906391186628e-01
9.645422372555384483e-02
1.139656049238336188e-01
8.526826081343440167e-02
1.134012112890155910e-01
9.285679270294115717e-02
1.074079579431268666e-01
1.021636985462066466e-01
8.316535246074520382e-02
9.461949977255722233e-02
1.172678390023508405e-01
1.062328228401213104e-01
1.173882828119684335e-01
8.137361905971028653e-02
1.044738497295401303e-01
1.221255478331004785e-01
1.155211598804112560e-01
1.104717056058788505e-01
1.044581295510320640e-01
9.784568331524128026e-02
1.115327795392659499e-01
1.137850704859069695e-01
7.165610550968629089e-02
1.200562357595455487e-01
1.048457516051291283e-01
1.143440856747431067e-01
1.113986808759504787e-01
6.125518221240994904e-02
1.187780887771234528e-01
8.566580011643784576e-02
1.219976298770564932e-01
1.100618941036100723e-01
1.051531337072594552e-01
1.227961135687342109e-01
1.033469763601091995e-01
9.987047833957449217e-02
1.220763386835567732e-01
8.101019808120620003e-02
5.722279769156496387e-02
6.126157037372895880e-02
1.050550389486876873e-01
1.227926227312514801e-01
8.762479385566789014e-02
1.204230030722998196e-01
6.459756137982085311e-02
1.065378293915633934e-01
1.062736877147385517e-01
1.010975440133115993e-01
1.064828603509895277e-01
1.143131130042481930e-01
7.653533000143923626e-02
8.705357923499176809e-02
8.924549975827883452e-02
1.084054126721419736e-01
