1.380431423991145823e-01
1.709265011124211364e-01
1.522998163055923893e-01
1.483124685962197153e-01
1.596842183216073408e-01
1.532328327591868378e-01
1.723218231600817107e-01
1.669787897925504028e-01
1.113514710305332917e-01
1.442118372829939432e-01
1.642840986957234128e-01
1.593775224466375540e-01
1.596178090732203458e-01
1.411871794881059683e-01
1.490258803189211390e-01
1.459656736900025176e-01
1.245253477040735024e-01
1.601257236444927623e-01
1.338456885262366836e-01
1.412502198763274375e-01
1.198754066884241132e-01
1.433075592059097070e-01
1.703939255614021764e-01
1.011617006334682572e-01
1.611498863474272181e-01
6.093024617145454541e-02
1.556209661047530390e-01
1.432402493982497249e-01
1.430324363091544648e-01
1.437294936945350265e-01
1.345791303022394747e-01
1.681346268787966558e-01
1.277454495925676448e-01
9.543183034304535128e-02
1.505526359998439756e-01
1.413133672847187994e-01
1.558171897220395896e-01
1.144272738882353424e-01
1.429208946926590063e-01
1.405300588298493969e-01
1.589552155675679757e-01
1.455756568110337656e-01
1.106774309925293159e-01
1.422556019231363267e-01
1.151650132245203295e-01
1.105450069376076594e-01
1.417064591883334945e-01
1.335378353138236829e-01
1.114571135492835319e-01
9.995537511818726462e-02
