2.068838048764665982e-01
1.932553302622416758e-01
1.705052132609304327e-01
1.840010657290942486e-01
2.083925820802334516e-01
1.970092348444654196e-01
2.103123605755078951e-01
2.249826162478283376e-01
1.802363370313045665e-01
1.896926358131237056e-01
1.389713139317629575e-01
1.840235942501980138e-01
2.298225773082242240e-01
2.304788126747285559e-01
4.625450377590835382e-02
2.105555068917229211e-01
1.825399334304654841e-01
1.933895620909354962e-01
2.157047272906910951e-01
1.185738198755822287e-01
1.517464788001874065e-01
1.256360465001081228e-01
1.850536796970258524e-01
1.335314892687503030e-01
1.566749941463016216e-01
2.156515992810333626e-01
1.873829877879715500e-01
1.922413723289929655e-01
5.096472381377230992e-02
1.945804979343854213e-01
