1.141355629660007615e-01
3.532242366017498275e-02
1.630915741873468927e-34
2.717347388081485515e-02
4.069178916992306771e-02
7.717018845524747928e-02
3.998722132477109531e-02
1.390249146773374356e-01
5.454319095517131538e-03
2.090950418568105207e-01
2.161513809399357323e-03
2.871902589401446534e-02
6.610203113237553274e-02
1.021472496849583494e-01
3.295880682574320146e-03
1.630915741873468927e-34
9.403584488462372881e-02
1.630915741873468927e-34
1.630915741873468927e-34
2.480614760316812890e-03
1.923853847143437157e-01
1.630915741873468927e-34
5.345518483793865877e-02
1.786888875377662944e-01
7.551020877524453577e-03
2.175410670901395654e-03
1.102121998906296918e-02
1.039767403757406450e-01
1.319748857014593768e-01
1.016396275834988844e-01
1.630915741873468927e-34
2.439179252072078141e-02
9.628819391466240940e-02
1.630915741873468927e-34
1.307320070762117981e-01
2.032069459441646422e-02
7.193323798195050585e-03
6.627301199362689577e-02
1.337500062381869192e-01
8.082193623419818562e-02
4.577541365104983756e-04
7.727809956218512771e-03
1.070138842375563254e-01
5.861568896722325894e-04
4.657397961157803490e-04
1.217349646656422923e-01
1.250578135324345239e-02
1.146547297427126478e-03
2.823275256595494595e-02
2.016242568129644475e-01
8.612734383505453450e-02
1.292871796921971628e-01
1.901833271217330257e-01
8.721447231228255520e-05
6.990431751740686095e-02
6.036148768554170513e-02
6.309711325129250745e-03
1.733098118727680603e-01
5.781961739657720013e-03
5.415363594584048090e-02
1.235208438844487694e-01
1.593438208418394009e-01
4.161060447307073085e-02
5.961879289542674348e-02
1.149069868524515113e-02
1.142917140250848812e-01
3.107438124412751149e-02
1.753750634243643122e-02
6.986064884372694683e-02
1.630915741873468927e-34
5.238658276744150716e-02
4.196223066957383702e-02
5.835063816209715148e-02
1.119710155129140586e-02
1.877997113682583485e-02
1.259408567198175011e-01
6.992617925332489381e-02
1.321859827740326787e-01
1.175747826191046730e-01
5.400569505271137459e-03
2.637129949656293743e-02
6.655321113822093571e-02
4.029349324262332041e-03
7.174731407442191955e-02
1.072197611767203816e-02
1.630915741873468927e-34
5.006339267918525487e-02
1.381486357495025630e-01
5.901660578726032613e-02
2.558729208392721693e-02
1.275673895924274714e-01
2.014525197714749361e-01
5.194713816476725227e-02
1.630915741873468927e-34
3.609382018612952714e-02
9.649704587576517223e-02
6.680386014047748344e-02
1.630915741873468927e-34
9.622774819698981519e-02
8.295094468258003284e-02
4.952560031830051390e-02
7.776886001409355487e-02
1.001252503965745777e-01
1.048984958627974294e-03
4.652862666138242826e-29
1.061413344424265377e-04
4.627895210052235253e-02
1.630915741873468927e-34
8.640782268368747687e-02
3.213953382699678146e-02
5.713601828285573558e-02
2.275795909235255043e-02
1.630915741873468927e-34
9.434814360741515527e-02
5.025524473994681142e-03
1.490918380930849330e-01
1.630915741873468927e-34
1.239635222088989047e-01
2.045423596879789399e-04
2.194395690520320463e-02
1.408557414261264185e-01
1.623354238017538087e-01
4.095808032325814335e-02
1.090686289792434059e-02
2.233183459281332939e-01
3.260606352379719769e-02
1.424996218648627577e-01
2.823784812994378432e-02
1.063471035308839185e-01
5.580066131419387371e-02
4.652862666138242826e-29
1.382843812910787284e-01
1.866753153089535378e-01
1.557112418789192466e-02
7.780293305182819918e-02
6.182925921115570850e-02
4.635036277491121764e-02
1.353514738159275477e-01
