1.026938671069599768e-01
8.681735006027017920e-02
7.876017254058544081e-02
8.101337437358477334e-02
1.023398945026039453e-01
6.914136484114147274e-02
9.046582130105629282e-02
8.396559021885786900e-02
6.968261935393821327e-02
9.527025500824287674e-02
6.161792050820763533e-02
9.523919437720229642e-02
1.083281503387382300e-01
5.252582756350156895e-02
9.464708560300062745e-02
9.506475578646657321e-02
7.226320801999924770e-02
9.201674116930452785e-02
8.379011999577032355e-02
6.455285874743880992e-02
6.216434744608356766e-02
5.646075955660639911e-02
4.604055744125799821e-02
9.133598497416482720e-02
1.027670167735838663e-01
6.473870678630000430e-02
1.023821275110231993e-01
1.057140196776106961e-01
6.252374585826703246e-02
9.595762146222477917e-02
5.980519378392048363e-02
9.408239658172162789e-02
5.927238533091765127e-02
7.998500622366364055e-02
9.465335166345811846e-02
6.828115476285069596e-02
9.788440623788495498e-02
8.451210463511654725e-02
9.622807996176982459e-02
9.421755728177805267e-02
8.416129067250900653e-02
9.791331475930810380e-02
6.248707868208006055e-02
7.756475274062703262e-02
1.040438492481631227e-01
4.631501719847801873e-02
9.583440928133156456e-02
1.032800951308862902e-01
6.812005188916071818e-02
9.567241801912534926e-02
9.296152895637850577e-02
5.982610793267006261e-02
9.981963776750646389e-02
7.446632598759887756e-02
5.891643300357071039e-02
8.352044536667325991e-02
6.556117072998941808e-02
9.444454504779638271e-02
6.784353439002907549e-02
1.010838595636643078e-01
9.972123679677179220e-02
1.048853211997912704e-01
9.833051172664372674e-02
6.234417766829230406e-02
1.009343611986030370e-01
9.710076720054526545e-02
1.052466818486793576e-01
9.782715423216706285e-02
7.015664151890980971e-02
8.524826748482534911e-02
9.281253012263904201e-02
1.014896602369456252e-01
1.003061988648764336e-01
1.062505034736054566e-01
9.002885253496477336e-02
1.005269743518235476e-01
1.083909590579680698e-01
9.443133239713918936e-02
6.310536013824413759e-02
8.758247525344670104e-02
8.703341143850129580e-02
1.037060341562426324e-01
9.067413506400008594e-02
9.440811420853149893e-02
9.591041101876987551e-02
9.193630208426301076e-02
1.055240684300197962e-01
1.028114944915261286e-01
1.012069099204954553e-01
1.072560786842322311e-01
7.016306839664292194e-02
7.644878031032953380e-02
9.234852809114253713e-02
4.786286183185373827e-02
9.782582316428718727e-02
7.840141974410966275e-02
1.051269827159383857e-01
8.640039602834503896e-02
1.122193435649496834e-01
5.040047123142665786e-02
6.623128626957643095e-02
1.092752104611847963e-01
8.432046466435949572e-02
8.329752189038029664e-02
8.999232015086672254e-02
8.986104233237934835e-02
8.625485687105537147e-02
1.015985880579743789e-01
5.477659161761847667e-02
6.702913493350028118e-02
9.050068337003794317e-02
9.888385844868359531e-02
5.759244888425081588e-02
6.766766075703452288e-02
1.057435649046005732e-01
9.303043313400016778e-02
6.469507886034125965e-02
9.401409215636563621e-02
1.059587154948216370e-01
1.040266575673756549e-01
8.821173257202521989e-02
9.276682796272657516e-02
6.999369318944442808e-02
1.027445816557422398e-01
6.899423659229371453e-02
7.029168920915021546e-02
8.703002076586759117e-02
1.035980403104113934e-01
1.056707633445947564e-01
9.137014280577351877e-02
