1.541766153327213118e-01
6.938501466586188826e-02
6.606396842899139865e-02
7.938318469695174184e-02
1.322950620583905057e-01
1.578971250100952989e-02
2.028700913014417143e-02
7.502445044135437356e-17
4.769422545950059017e-02
3.497257811658158362e-03
1.293126968719492398e-01
3.216951094522665228e-02
1.704489732487074471e-02
1.226759113279558312e-02
6.581030225314039861e-02
1.607705198108472788e-01
1.044951251473226483e-03
9.452463428429674908e-02
1.280302802437567090e-02
1.377044891959407769e-01
1.576372852554887849e-01
5.066227594904236520e-04
6.733597811232851747e-03
2.244172373751070551e-02
1.515505193510000292e-01
5.269718083555873650e-03
3.938026643148142408e-02
4.860399452822021515e-02
1.389145551256235345e-01
9.462492931559757237e-02
1.049853836501975085e-01
8.498780499779916286e-02
1.108092634818618333e-01
2.250383654133271405e-02
1.247833480976084514e-01
1.048383522026292564e-01
1.777091308036617689e-01
5.775763980242269724e-02
1.388656803362615377e-01
1.598014575428040318e-01
9.794412790104328748e-02
1.977009847404540346e-02
1.541652953455815711e-01
1.593781750290573784e-01
1.287155093326854960e-01
1.022233234397235818e-01
1.237653909955503256e-01
1.132382390920558257e-01
1.252732944591454511e-01
1.314891101235201587e-01
1.578810390860773960e-01
1.321342482107489280e-01
1.681659297966721020e-02
1.329027745093049606e-01
8.697906879792993706e-02
4.541376253045740358e-02
6.705592313757789691e-02
1.287873456898999958e-01
2.430933835864538747e-02
1.396480575177289352e-01
1.263214818962227481e-01
1.174320659497904706e-01
1.163031358945098848e-01
1.140727300746079143e-01
1.227254703264991226e-01
1.159026315909954530e-01
1.307701536773144824e-01
9.450021625369223188e-02
1.665495427633959247e-01
5.608144279112682422e-03
1.339554948640179488e-01
1.326329902838918606e-01
3.127927054933303530e-02
1.242818403572424207e-01
1.167023853126497035e-01
1.409543661327926356e-01
1.591662957130673683e-01
1.358481178735717887e-01
4.034931237498837198e-02
1.098587894399834369e-01
1.051100559149985465e-02
4.392639817645448141e-02
1.614877757464774632e-01
1.251243616232866340e-01
1.139968652657142451e-01
1.343838068736659397e-02
1.130698130217771269e-01
1.222314680906571530e-03
1.694624816024089542e-01
8.704150384741164703e-02
