1.804608332428554729e-01
1.735015255435077564e-01
1.586593997921630084e-01
1.612990726099053640e-01
1.689629057292324488e-01
1.532238248786096102e-01
1.648841970577770988e-01
1.804201164762362364e-01
1.198525984827876756e-01
1.727069438836147108e-01
1.857117789071019154e-01
1.713042920160431359e-01
1.330699317432280371e-01
1.647110939396758122e-01
1.625447197957216039e-01
1.564976519932057275e-01
1.341658172121310555e-01
1.721943568181571738e-01
1.445762752735350876e-01
1.731699731461506242e-01
1.740020050873623825e-01
1.772960573672956730e-01
1.848939281728640971e-01
1.082836418194630390e-01
1.752957519561819111e-01
6.296481002638393276e-02
1.723737886049099555e-01
1.539389293878472009e-01
1.550139825243840586e-01
1.574838557023040542e-01
1.471521083242246508e-01
1.824013475570772924e-01
1.389600095756032827e-01
1.027901911742344909e-01
1.624313152859111486e-01
1.546496788423846469e-01
1.697490683864191219e-01
1.260718464119111037e-01
1.555824977514626006e-01
1.532610982145264922e-01
