1.215027958650137380e-01
1.297601540744717230e-01
1.213728655528732436e-01
1.278133927449573437e-01
5.866441936731752599e-02
7.663207586633290214e-02
1.204209712175607350e-01
1.204520953745277789e-01
7.008788529414868018e-02
7.588302374565907005e-02
9.403031318610254041e-02
9.874804440086437651e-02
1.052401228473433953e-01
1.032638366978403666e-01
9.201115340315281499e-02
9.598198560959118886e-02
1.058797285931530607e-01
1.044831449557588054e-01
1.275159197865152194e-01
1.201569018582943904e-01
2.995141791272824469e-02
3.685823079082245490e-02
1.200998530568628264e-01
1.084603883455935863e-01
8.462474586266910404e-02
8.147171674668786390e-02
4.825284372412596418e-02
5.052188748598969437e-02
1.025250635263203342e-01
1.116016266475532009e-01
1.085525531118785303e-01
1.019598547729650556e-01
1.272823699138059261e-01
1.288530953061486350e-01
8.206177017875714019e-02
6.293731525738925636e-02
6.932636342940380614e-02
8.540336516232817365e-02
6.240969864177155907e-02
6.235782588754205241e-02
3.058487389288165256e-02
5.959587337019722764e-02
1.166525008504473576e-01
1.110234944696769643e-01
1.192723067923344704e-01
1.264207104229191914e-01
1.111644668084077470e-01
1.095467881608327976e-01
1.173108401967174058e-01
1.270897442379717301e-01
1.130157043673707951e-01
1.228040886336857346e-01
9.753316883242060809e-02
1.053115674975540206e-01
1.105901636728482962e-01
9.809911283867736587e-02
1.174963060245385049e-01
1.279703965112460873e-01
1.224417351190234954e-01
1.288485402465938956e-01
1.134343675105460025e-01
1.173096049641418059e-01
9.825885762156738590e-02
1.091533349910288470e-01
9.940176388060899260e-02
1.080818290028361800e-01
1.285078005185744388e-01
1.260596009949453700e-01
1.040764931950427657e-01
1.118143590319027464e-01
9.073722169629949708e-02
8.523725767894185790e-02
7.121515320236430913e-02
7.525585237094296887e-02
1.577604066599184313e-02
3.570147413247990592e-02
6.780665712954113411e-02
6.788253041375733043e-02
7.977057273156361317e-02
1.004955200485455474e-01
9.905302561540368922e-02
1.146331820924700456e-01
9.507985049051886906e-02
8.390901346867656041e-02
1.164429810831067863e-01
1.155327669074047436e-01
6.508470147003903028e-02
5.569197378747215571e-02
1.054526357217642624e-01
1.045838624351761170e-01
7.563651667854742744e-02
7.739410499411282507e-02
6.334969294508313586e-02
4.641713595308642054e-02
3.830348990794657515e-02
4.491675368745720598e-02
7.534625902594008218e-02
8.657408334551652818e-02
8.913752611002452586e-02
9.912887362081741760e-02
6.478602791032275765e-02
4.699131210429929872e-02
8.815164090500342275e-02
7.054329088545274740e-02
7.043377665592030767e-02
5.743953414331610247e-02
2.717040728214357298e-02
2.119631109012287337e-02
5.581537313220397666e-03
6.310529390543984096e-02
7.437798712788974698e-02
6.885693962009802049e-02
4.559511485816768878e-02
4.798451435061949072e-02
3.177980894695617287e-02
4.045223977587894884e-03
