1.018306329103411401e-01
8.300626543096194243e-02
4.452302550478302173e-02
8.630660190469592596e-02
8.955700594855935115e-02
9.605613577711426265e-02
8.804609037131400084e-02
9.848072513734694444e-02
6.732140554600507532e-02
1.051469435074112863e-01
6.713924933853872290e-02
8.077900423201539448e-02
9.692694406592662626e-02
9.218964670528109751e-02
5.928981899927655841e-02
6.969449518057019288e-02
9.779704361734425921e-02
5.459786794198747545e-02
6.243472812674853711e-02
6.103424049153632902e-02
1.044222589844403942e-01
5.856625377620366252e-02
8.710821125920717445e-02
1.023846869178199059e-01
7.732246981676735298e-02
6.740148905316623029e-02
7.290699365282495015e-02
1.007822360399049516e-01
9.465471296915924093e-02
9.233153178482567114e-02
5.947129676438594331e-02
7.892188694415683270e-02
9.023037909186633343e-02
5.986443048718146503e-02
1.037315067873501861e-01
8.556010419136440837e-02
7.587779571832990733e-02
9.518394485976372499e-02
1.006098268527407386e-01
8.709313457185431651e-02
6.195210873735525203e-02
7.987343389731328680e-02
9.933326987517158979e-02
6.505725559265453095e-02
5.465069991074394951e-02
9.712817489396215198e-02
7.087220940707261718e-02
5.762754395426771675e-02
7.766556274894216572e-02
1.072576916450441314e-01
9.368934377253286538e-02
9.489553042744036659e-02
1.041296759183280851e-01
5.212906967118947216e-02
9.047989346299212254e-02
8.808063365313668902e-02
7.313436107936158170e-02
1.036685384191281395e-01
6.801364744285905151e-02
9.908581175414780950e-02
9.530111386643536076e-02
9.544308672458494403e-02
8.244388415012954274e-02
9.973058859532289711e-02
6.922945766576674154e-02
9.546156283548516697e-02
8.931550950026198588e-02
8.330781265224006249e-02
9.196521456487533053e-02
6.822218229935143874e-02
8.699606829148290310e-02
8.700219039471032700e-02
8.722121574576971459e-02
7.751637984697773431e-02
6.025470232763030509e-02
8.997960980700805966e-02
9.316191449560155824e-02
9.944213576349796024e-02
9.721510824557344499e-02
8.502412927957420097e-02
7.707785219709634150e-02
9.630534734600833258e-02
6.813149262328631328e-02
9.674063053539051771e-02
7.966419096071748751e-02
6.288759386017765685e-02
9.900970732436256694e-02
9.202911395835937369e-02
9.817509503785630531e-02
8.652984877163692745e-02
1.022503758109086780e-01
1.021165240419463077e-01
8.402941792327610349e-02
6.294049405862209290e-02
8.748355381051023394e-02
9.001667597628708328e-02
9.136063158767995795e-02
5.122453933735586495e-02
8.827267226158436175e-02
8.106494007405870561e-02
8.801514466826265704e-02
1.016868872225267922e-01
9.587013381346951024e-02
5.862529014333675570e-02
5.906236468732353750e-02
4.531799592263660581e-02
9.549920537048775526e-02
4.570571874734902229e-02
8.601234471014873595e-02
8.503723134089859192e-02
7.331809730117910817e-02
8.358503354627846993e-02
6.877337834201095734e-02
8.864279183863588152e-02
6.031420327142211074e-02
9.305138263505664808e-02
5.635780399021677461e-02
9.227581029568168725e-02
5.602832540838971476e-02
8.282836207844052057e-02
9.809614373876181237e-02
9.894177919833278823e-02
8.870308895637597779e-02
5.938824826907058291e-02
1.096454040835734695e-01
9.124169535947800058e-02
9.891327795298987535e-02
8.733937001928454569e-02
9.838808348935812464e-02
9.536174819068550523e-02
5.860479918977345992e-02
1.028810590284097853e-01
1.012051985821628974e-01
7.680665720888374404e-02
9.753953895170648647e-02
9.522431937027472926e-02
9.415226699403700383e-02
1.031512692592561203e-01
