1.210628258596622153e-01
9.899885206057459919e-02
1.009636699809769028e-01
1.078607726000559291e-01
1.148480554013521920e-01
7.264341459957623925e-02
9.052635659933874757e-02
5.919340908026835685e-02
9.232019682641103009e-02
6.758526629857497525e-02
1.116829941657432324e-01
8.872489456454955847e-02
8.701894260438476636e-02
9.023867037274645175e-02
1.008574292126688948e-01
1.231846464255815232e-01
6.560462753190327012e-02
1.052811959208334730e-01
7.412767956946998693e-02
1.189288037177211182e-01
1.255462441308698163e-01
7.631049731571985795e-02
6.157137544552988145e-02
8.458996259465061118e-02
1.207973519232707627e-01
6.974474555551429811e-02
9.131716304444731369e-02
8.846684776898290636e-02
1.164931555651814721e-01
1.067647925701515760e-01
1.088664326208165500e-01
1.075999507281526074e-01
1.133203319558091782e-01
8.295226008072088819e-02
1.183480565210453250e-01
1.136562653009319662e-01
1.334119252263890054e-01
9.170128340395805600e-02
1.166580006556348498e-01
1.239674926474849947e-01
1.085556251314201692e-01
8.370274335361203855e-02
1.242275058525636466e-01
1.254030898343189704e-01
1.158095949715033518e-01
1.120098654522852788e-01
1.112051734730595126e-01
1.103414271738306085e-01
1.139487006342921743e-01
1.170838810480866882e-01
1.257680138252163515e-01
1.160203690703477397e-01
9.173682173682140562e-02
1.181314863794812181e-01
1.046206116268475067e-01
9.231125408365598028e-02
9.819158177199117932e-02
1.153700713216562479e-01
7.801499488330514154e-02
1.172508484852891192e-01
1.155070405296171748e-01
1.154438669056162547e-01
1.099386607062435850e-01
1.132971832872926715e-01
1.112344161427594458e-01
1.089278507555447723e-01
1.190122153002410588e-01
1.062524999010356491e-01
1.260673869646223022e-01
6.851970390402428723e-02
1.233315405154764427e-01
1.186771451804033012e-01
8.481780822660024699e-02
1.127558104280809437e-01
1.115391898423250816e-01
1.207741896500296869e-01
1.243864038955286300e-01
1.240352200916726572e-01
9.316786677393897043e-02
1.139103332186046091e-01
7.602175842973649122e-02
8.890931398102390470e-02
1.247747064663209254e-01
1.172476273360024412e-01
1.076047353036517912e-01
8.107057691173537306e-02
1.064048898423760742e-01
6.323072538466657788e-02
1.277978621780450630e-01
1.057311369443565546e-01
