2.449214420751314736e-01
2.358090656281539577e-01
2.581788035667152981e-01
2.377836730634614593e-01
2.243797006075497480e-01
2.371816238244595643e-01
2.336639575389859724e-01
2.297169157709965659e-01
2.021704805681071304e-01
1.895493357223313469e-01
2.316755075382399554e-01
2.487493362047679124e-01
2.423630000867022516e-01
2.117040186742496777e-01
1.926326277177922153e-01
2.334736000598702788e-01
1.479889352333780828e-01
2.390226103223041521e-01
1.683329010146694393e-01
2.287888340839403511e-01
