1.110035755664229434e-01
1.293867110839735934e-01
1.240023424202345015e-01
1.098573306247456749e-01
9.971855551576376542e-02
1.139936967555139208e-01
9.525434188265838320e-02
1.067661127570266738e-01
1.116990202370856528e-01
1.230204737584842528e-01
1.279220644067668999e-01
6.585490938487151280e-02
1.275758109297789045e-01
1.187400960053037885e-01
1.155915888791296531e-01
1.057455295733800010e-01
1.185594768978538577e-01
1.271099574164579749e-01
9.311445786291358551e-02
8.099942871762517982e-02
1.082572680702640205e-01
8.019552088505706167e-02
1.285078391064108927e-01
1.192306807329329837e-01
7.620799350215966272e-02
9.586415104447373881e-02
1.139197318306176543e-01
1.301108347037673862e-01
8.385572096786324259e-02
1.282885835012305131e-01
1.119738976729432178e-01
9.904009446591405252e-02
8.227552477110504359e-02
9.794731362715246303e-02
1.224476444411121412e-01
9.602431556951607217e-02
1.184058401934082183e-01
1.035692230464063113e-01
1.090550877595386214e-01
9.765736980580179416e-02
1.212747521767984643e-01
1.314385101426286950e-01
1.213054038348417019e-01
1.290338688145210855e-01
1.159800180125219182e-01
1.130335561737284000e-01
1.252368449516901294e-01
1.235034112239661586e-01
1.122963472565471216e-01
1.355564287126390099e-01
1.394903970905449486e-01
1.029243134305553448e-01
9.550924279571273989e-02
7.716302044849883413e-02
1.326499179919668758e-01
1.317552945254077124e-01
1.218500480443167472e-01
1.233580371905056844e-01
1.232593820259210854e-01
1.137439437148579369e-01
1.254793025978216403e-01
1.278164665754927820e-01
7.051075972971931893e-02
8.714522778059068109e-02
1.152760355843734097e-01
7.019550189559409237e-02
9.778168184311050726e-02
1.188145115179628925e-01
1.117208491931422909e-01
7.958394083407183128e-02
1.297900713188621935e-01
1.201291171488849951e-01
7.993048568089615447e-02
1.264408029005152645e-01
6.411652706452998507e-02
1.047841834650472259e-01
1.330353052169741535e-01
1.208818701835338572e-01
1.201184423411154750e-01
1.200571172334580633e-01
