2.313450665331521217e-01
2.314570757539757273e-01
2.509206512339324235e-01
2.152370275593027682e-01
2.391315422780692646e-01
2.583677257324585863e-01
2.046339424656152262e-01
2.489784519252004613e-01
1.962967480681290233e-01
1.823477047075794388e-01
2.252637224532201277e-01
2.213050804925766335e-01
2.454358308095374031e-01
2.570469174550263913e-01
1.730292366014886118e-01
2.408786289164729089e-01
2.023051047156301518e-01
2.181524937253182805e-01
2.477355349928848649e-01
1.419464555570542352e-01
