7.271508250873824630e-02
8.310048432659848661e-02
1.093152308362319858e-01
6.828183512278959699e-02
5.617453383788903465e-02
6.258650545181472513e-02
1.063901132361093904e-01
1.015046089438970817e-01
1.137209004871996276e-01
1.145322162527386695e-01
1.093614134781495523e-01
7.634147278069773612e-02
5.945937616311147700e-02
6.437993664916889791e-02
1.124068369212472690e-01
5.371304691097566336e-02
1.137723572574832198e-01
8.548251222198370580e-02
1.075769044304140387e-01
1.136140026431730066e-01
1.155451094167504744e-01
1.158001928776198480e-01
1.011298773950022045e-01
1.077505104885512904e-01
9.271815732866861559e-02
1.102849398774601170e-01
1.178705208127163451e-01
1.009062792024639638e-01
8.549936575935823679e-02
6.463527759982738707e-02
9.005584613894150603e-02
9.827565631498698384e-02
8.208706774551328966e-02
7.726140569600319086e-02
8.459643406027554657e-02
1.087416717203826683e-01
1.050215534328427236e-01
1.062776291978091009e-01
1.133440867733464669e-01
9.600143457603591002e-02
9.062744203261946518e-02
7.996246769155075651e-02
1.006053301389310539e-01
1.059368028250603500e-01
6.463580918658205776e-02
1.096925036434426987e-01
1.139832060988900247e-01
1.064927760251282024e-01
6.923431901193484450e-02
1.027408083271413725e-01
1.091403296204482842e-01
1.104028708834683820e-01
7.844791363223427294e-02
9.291456376249170035e-02
1.087949961112458785e-01
9.934136057431226796e-02
1.179805950923400459e-01
1.135626828955379058e-01
9.895061136459835927e-02
9.203642044481960549e-02
9.900728889141170719e-02
1.104054738685601583e-01
9.577360439197597775e-02
1.022581298218913082e-01
7.647618790990057258e-02
1.134977936560923328e-01
1.205387320887739006e-01
1.006188513802337425e-01
7.371247963653070057e-02
1.017508754275084359e-01
1.125898918682898125e-01
1.038483178297247705e-01
9.032998213784074193e-02
4.859599447979363884e-02
9.762627095838929958e-02
9.959018718974420314e-02
1.138370417557839492e-01
8.305472867106031276e-02
1.051424810009657096e-01
7.600857993170397064e-02
1.026459795944282966e-01
1.034966147089318445e-01
1.100375734469425382e-01
7.774219497325275674e-02
9.815360658090815926e-02
1.056272979803066780e-01
1.096132974644094954e-01
5.965685316431692392e-02
1.123329468832258843e-01
6.662468399962365173e-02
1.023407806434931122e-01
9.902816939111397376e-02
8.993729526659023643e-02
1.040021929700595538e-01
1.165394797767012880e-01
7.830175096965083514e-02
8.880817633734787442e-02
6.643915844498819723e-02
6.945714604172473217e-02
1.047386120176946461e-01
9.967892866018139564e-02
8.708579793368660671e-02
1.149111463535016364e-01
1.037683904464751089e-01
6.813263362148794244e-02
1.061489523064477747e-01
7.949331173009406559e-02
