1.115613323235126048e-01
6.741573086022903394e-02
5.533968548136644627e-02
9.647923135209821033e-02
1.079788294059561005e-01
5.641276453009057973e-02
9.395752731354449494e-02
1.152505312200783338e-01
7.112788953830438687e-02
1.100345461889000870e-01
1.152034728754514487e-01
1.241616389054640557e-01
1.129211555333183431e-01
6.787111425567723955e-02
1.202503863856958649e-01
8.594325527060001080e-02
4.930450710115431151e-02
9.329490117274641392e-02
6.518337184283644337e-02
9.342834321041117163e-02
9.109255459437470837e-02
1.165902172504449247e-01
7.301139538013101671e-02
9.566132746516983754e-02
7.411523873222512770e-02
8.093748356624154427e-02
1.235443858621848856e-01
1.027765484387765244e-01
1.164386405416326653e-01
4.593297474201667868e-02
7.527563635269199360e-02
1.089599966666811026e-01
1.132076556682583973e-01
1.183334060154538070e-01
1.044849941317077813e-01
1.029083193860730328e-01
1.042537681851959108e-01
1.284360856362008474e-01
1.142445690125081514e-01
9.845455032817543306e-02
7.302287901267133507e-02
1.108609523332780011e-01
1.157931856027745315e-01
1.229553255429192693e-01
1.037349785927426660e-01
9.712032536354606171e-02
1.162754647534905705e-01
8.628053424516328451e-02
1.150397657225394887e-01
9.166687658700375940e-02
1.083407875658148195e-01
1.021530695139931944e-01
7.809781862390566265e-02
9.384132986630182305e-02
1.197806343538139889e-01
1.070888719201586042e-01
1.199962271096828570e-01
7.963780040015423778e-02
1.054055782576634182e-01
1.244804467553179833e-01
1.181144714272428925e-01
1.117883531208992975e-01
1.050821625929539288e-01
9.385878752963108806e-02
1.127621459837057083e-01
1.164583111076593208e-01
6.699089003826602662e-02
1.226945990174726914e-01
1.066161513665954685e-01
1.167027834990692070e-01
1.132701446037527732e-01
5.079234373514372042e-02
1.204836554879579053e-01
8.506225401360233140e-02
1.247574783986438451e-01
1.121329924922064292e-01
1.064577031149223224e-01
1.253778212379982882e-01
1.037638530908273488e-01
1.015581370625399660e-01
1.244081457091837234e-01
7.871446007320900828e-02
4.385978814248353563e-02
4.484288937022595095e-02
1.050806933390929371e-01
1.252286700337288117e-01
8.644352741756819447e-02
1.230503797840830360e-01
5.163000992724335603e-02
1.062000127367514896e-01
1.066456198843235281e-01
1.016720206173849089e-01
1.070230176438218550e-01
1.165447125178559612e-01
7.565509010505581944e-02
8.520678914036647345e-02
9.038584095996221590e-02
1.100683311903400685e-01
