1.116151267389536572e-01
1.308365119916514996e-01
1.258722539381801619e-01
1.112086647187644772e-01
1.008557744017333363e-01
1.154081516231284937e-01
9.613367482591080038e-02
1.064928169170111100e-01
1.129991505092926840e-01
1.233363596837386972e-01
1.294064698946518488e-01
5.118175523231539154e-02
1.293953491906392472e-01
1.189273107279308489e-01
1.166928933922031786e-01
1.056048535794335691e-01
1.190637459132328074e-01
1.288243900752963633e-01
9.214369396871070761e-02
7.658418748708240020e-02
1.054071898378506622e-01
7.310793493343502314e-02
1.303115035531806909e-01
1.191751792625521250e-01
7.053123818680652468e-02
9.461530411484549152e-02
1.142752300807183818e-01
1.320812356926605868e-01
7.754081681061937570e-02
1.302435575190858952e-01
1.125124719612399238e-01
9.842974878421072160e-02
8.023327588804807231e-02
9.643989819234514982e-02
1.233712349545875164e-01
9.415311832903877631e-02
1.195515919960793427e-01
1.045719760612206783e-01
1.082589421341282054e-01
9.826633193183863246e-02
1.219869802725319086e-01
1.335267612418540861e-01
1.228744562969584092e-01
1.294698869327739199e-01
1.158947603270018140e-01
1.145519379772541868e-01
1.260713240137497637e-01
1.246348031688908065e-01
1.130120766676970812e-01
1.372683935033524871e-01
1.415658762190374620e-01
1.000038551591018038e-01
9.414213353204985146e-02
7.194956213968110859e-02
1.344164153667294637e-01
1.330033525482876844e-01
1.233310048308590839e-01
1.245688918432215631e-01
1.251511099394757853e-01
1.137591783113559712e-01
1.272068906262386334e-01
1.292158776020274347e-01
6.047431047799124715e-02
8.630151252484925817e-02
1.150325204291433034e-01
6.140293320302255692e-02
9.863870997728635404e-02
1.194320357501943847e-01
1.121465926345575626e-01
7.565836245813761796e-02
1.316181474375858473e-01
1.204392062321680279e-01
7.868924816197858663e-02
1.271601883385344578e-01
4.680489310183560264e-02
1.045309662289559266e-01
1.346193112729737462e-01
1.209945569551168498e-01
1.210509790246344641e-01
1.218450468703601436e-01
