1.201457549433595229e-01
1.107070868453183671e-01
1.388360083058044203e-01
1.311497144944798743e-01
1.215548297375734776e-01
1.542889312211131458e-01
1.213238363478374299e-01
9.824589050515705746e-02
1.117311593093399114e-01
1.221289799681491289e-01
1.619526742402384867e-01
1.514426921615989741e-01
1.083433313926359109e-01
1.483815226288774380e-01
1.273844487132878844e-01
1.168620483971026525e-01
1.555699304407047456e-01
1.160342838794987536e-01
1.497353898901652158e-01
1.592208334353516219e-01
1.464902615007881437e-01
1.316368234657896985e-01
1.405806749802505362e-01
1.571022554449752473e-01
1.546702927227034674e-01
1.447243322464365767e-01
1.458350234329212625e-01
1.419249479294365512e-01
1.428471703683568406e-01
1.411798280363882052e-01
1.543728674135828594e-01
1.561403569720009876e-01
1.582988994282978346e-01
1.609822035310219390e-01
1.516241490530536307e-01
1.546464522479824577e-01
1.411395614012343480e-01
1.632209151318175788e-01
1.620473387374209984e-01
1.513247128214545156e-01
1.564148215947350762e-01
1.622222941887123682e-01
1.650458824337637798e-01
1.452308045859380947e-01
1.421353039849263256e-01
1.131026464409477655e-01
1.271736203606091131e-01
1.471283477556845631e-01
9.720708304250687271e-02
1.311728814856116809e-01
