2.529085321392952868e-04
6.606057011954618099e-03
1.095311158239612032e-01
2.088198664505950541e-01
1.419171286314257208e-01
1.358387474594972832e-01
5.601533778864951907e-02
1.351021428788288237e-01
1.732429831615928117e-01
2.157834448539238704e-03
1.395655731970454616e-01
1.656910057599592645e-01
9.362206100291028954e-02
2.026055957842206601e-01
1.580295232113771986e-01
4.744775401846156583e-17
8.334499331243731823e-02
4.372702360011494760e-02
1.498920051187882241e-01
6.153937486502437937e-02
7.400454489703046923e-02
1.187396858314223730e-01
8.234964668544436173e-04
1.951076040594525857e-02
1.709661253502957057e-01
2.132822143286991143e-02
1.532375668882276533e-02
1.241275470927424990e-01
3.245944500661560039e-02
1.131906353662444925e-05
1.112223981901280939e-01
2.939184351251573901e-02
1.524411202785039832e-01
1.599091360441634302e-01
1.364653208445162080e-01
5.758300709230185915e-02
1.752832332124193149e-01
1.059374765341637992e-01
1.982333189824213027e-01
1.284101713850053228e-01
3.176425585459274892e-02
3.975494568411411245e-02
1.460338164934314453e-01
2.048018336725644095e-01
2.165931030524609058e-01
1.379585829849832301e-01
8.873043826697171732e-02
1.776390343572747110e-01
8.975811200342240399e-04
1.203714377772234084e-01
1.568013160092220359e-01
2.164260342120925829e-01
3.809205332182790532e-02
1.090726369650442257e-01
4.744775401846156583e-17
9.296570808786865092e-02
1.538825878691294502e-01
1.358691213478380524e-02
1.462972692369623323e-02
1.454030368762347647e-01
6.300381716759053882e-03
1.314118050562708070e-02
1.865484912337971729e-02
7.348180003770295003e-03
1.155678804947124216e-01
2.063735846742303925e-01
1.067777600645793690e-01
7.406316377022731379e-02
6.142063975405738507e-03
2.272048167705492394e-01
