1.488437128249314456e-01
1.687047033703165666e-01
1.432585506797849351e-01
1.535458053651498622e-01
1.749421544635547110e-01
1.190184490903853920e-01
1.618318795715259495e-01
1.628495439053043448e-01
1.393566175898861559e-01
1.461753534515765340e-01
1.226983935809689424e-01
1.057229994339990153e-01
1.515481172211795569e-01
1.751514437869237661e-01
8.121524687629504136e-02
1.521159163048798058e-01
1.462435758415103759e-01
1.241469683195015328e-01
1.593047995088263391e-01
1.428766454060049762e-01
1.581728928326073536e-01
1.600938266157983236e-01
1.480654837874410823e-01
1.022817198386492543e-01
1.232717035471613404e-01
1.772793670741669714e-01
1.447140289777610334e-01
1.527316604963486757e-01
8.620041433382263918e-02
1.515015609613388770e-01
1.414247626866880214e-01
8.944752636391443967e-02
1.291005047158726993e-01
1.420084844901833565e-01
1.438989997567449997e-01
1.191284777107119303e-01
1.766092618363278022e-01
1.277229181094808597e-01
1.147126642100286392e-01
1.010261089107765825e-01
1.206124223428064329e-01
1.462971946124935474e-01
1.407256041138341407e-01
1.655681876647187023e-01
1.100902722423173496e-01
1.452770198633146215e-01
1.639423091043541447e-01
1.185626460780375147e-01
1.379969913988290942e-01
1.534011093338725484e-01
