6.898168206414027892e-02
1.113380404566705756e-01
1.318363877584197985e-01
1.389043220419574898e-01
1.294333707071116391e-01
1.248394210997708781e-01
1.204597296091577535e-01
1.261890718631602792e-01
1.352519062497470614e-01
9.115343441850284889e-02
1.304718106613731166e-01
1.334850633618023807e-01
1.235134283188510512e-01
1.337695128266633560e-01
1.331637916466074101e-01
8.586126202356481052e-02
1.185003672396310187e-01
1.161673386773737771e-01
1.296526613948919826e-01
1.123845129859065983e-01
1.176379088767796482e-01
1.276037561779925222e-01
8.776634377773091800e-02
1.113774716776231299e-01
1.336613966963557665e-01
9.933599566944757708e-02
9.672817384902429594e-02
1.335000689090375670e-01
1.048052092813399477e-01
7.780012736552707753e-02
1.253851346718073412e-01
1.145060945134839525e-01
1.271328256805392132e-01
1.303549184625147350e-01
1.322571584286946489e-01
1.109156993183561812e-01
1.349619705388553359e-01
1.172305527873186842e-01
1.343313370241412952e-01
1.290241386203263008e-01
1.156827659884441528e-01
1.042820704199235171e-01
1.274585311462163029e-01
1.391182884579798551e-01
1.380595888795345394e-01
1.313296833842803601e-01
1.199520480292494140e-01
1.367683058671249618e-01
8.801959341950969795e-02
1.253033373081921531e-01
1.331558653095712974e-01
1.385761510283680942e-01
1.119851726434904077e-01
1.243442529807754632e-01
1.003991999948204289e-01
1.227061319291423702e-01
1.382775407297726633e-01
9.683209805783929425e-02
9.995986437741970210e-02
1.292569754262301029e-01
8.837358427968518282e-02
9.101379418480563810e-02
1.058481507200132871e-01
7.926283810924725226e-02
1.292723939603706851e-01
1.413293955152478965e-01
1.206213858091839813e-01
1.207183697208401990e-01
9.114148923747006359e-02
1.429749942050714817e-01
