7.267797588417947152e-02
8.305833327686722167e-02
1.092278950713865410e-01
6.860194215654695504e-02
5.634144716041002143e-02
6.282886865644685126e-02
1.062994084078906498e-01
1.016447375819787557e-01
1.136261090620290792e-01
1.144200956913605793e-01
1.092535403159252405e-01
7.639422497135266166e-02
5.998508261099680383e-02
6.505596827742046728e-02
1.123012941994965819e-01
5.541790491598249518e-02
1.137386998984859232e-01
8.541579341002411563e-02
1.074863196929652792e-01
1.134973180812350046e-01
1.154400986710520660e-01
1.156842664772078089e-01
1.010470003328144822e-01
1.076567379812850556e-01
9.273857671770409372e-02
1.101854567786673816e-01
1.178656026417344710e-01
1.008105823410174878e-01
8.542919474872422148e-02
6.461942472576223673e-02
8.997771652914919593e-02
9.819129635410207835e-02
8.202154255776898661e-02
7.737109493599278465e-02
8.453694202467253171e-02
1.086438231047600900e-01
1.049124107995968030e-01
1.061763579527425921e-01
1.132403408624240437e-01
9.591586204276215943e-02
9.069544798540452035e-02
8.005347832818053566e-02
1.005166021804141385e-01
1.058459038429483690e-01
6.575415526452868531e-02
1.095971540164921015e-01
1.139588627478607397e-01
1.064862380638208345e-01
6.928125210699082048e-02
1.026381116033159291e-01
1.090471934528851466e-01
1.103031575969402878e-01
7.841540385387288370e-02
9.305333287515694940e-02
1.087020255620730347e-01
9.926090199073016318e-02
1.179718336541816931e-01
1.134504992237776178e-01
9.886158373385425802e-02
9.205964437863713157e-02
9.892636186135296550e-02
1.103156241629204976e-01
9.568573282920110612e-02
1.022943829154959045e-01
7.658186601261841864e-02
1.134115993380892806e-01
1.204203304320454887e-01
1.005337558711983520e-01
7.377359660982069078e-02
1.016598958960996807e-01
1.124862725802298902e-01
1.037681870004661111e-01
9.026579067105965082e-02
5.074073296614598633e-02
9.762290224672738603e-02
9.951931213754316996e-02
1.138339636700264890e-01
8.325121600790795495e-02
1.050528159296352793e-01
7.610405822631917394e-02
1.026821690440861551e-01
1.035297491767424027e-01
1.099289886972528302e-01
7.768650326930083561e-02
9.818674378023881100e-02
1.056849471556437770e-01
1.094963009669203263e-01
5.997552953496755601e-02
1.122324480706469174e-01
6.725486846185838030e-02
1.022513093344130652e-01
9.905138335706553665e-02
8.986970606325490885e-02
1.040093854931228301e-01
1.164215543330766323e-01
7.827078057685425694e-02
8.873948223919740641e-02
6.640151869196257717e-02
6.944319964041971438e-02
1.047417974025699056e-01
9.959921788114226016e-02
8.712437128241991291e-02
1.148013916779678095e-01
1.036610020451740333e-01
6.824137231385532520e-02
1.062119909259996026e-01
7.942450991539277971e-02
