2.103099139879836821e-01
1.953432362356330443e-01
1.365152745566834136e-01
1.989744104787721790e-01
2.174455215029143240e-01
2.101697270376922388e-01
2.198257975722792135e-01
2.442684936260543505e-01
1.739161588463636887e-01
2.003054923900182693e-01
1.243585386578126978e-01
1.840643535184302015e-01
2.530212294147098362e-01
2.480159177726282693e-01
2.521656574585826732e-02
2.172332418563377998e-01
1.727040382600227020e-01
2.075570776640139059e-01
2.183239346391595836e-01
5.334872983336019087e-02
1.131462481125555808e-01
7.541788565926575705e-02
1.883440019403914145e-01
1.059883228581298270e-01
1.179390266430632855e-01
2.240855367733003978e-01
1.822800888053330570e-01
2.023793419060072041e-01
6.044279718679622382e-03
1.997715042783233252e-01
