1.132072195801947685e-02
2.008835946964058483e-01
1.036684284550212776e-01
1.338224899496154030e-01
1.494295167896587118e-01
2.283098314242479332e-01
2.116374370964190510e-01
2.473518631215552988e-02
3.283686074365758824e-16
7.953533655381139766e-02
3.019225030041700411e-04
1.158856125893441003e-01
7.713947319774460895e-03
2.290531667016183215e-01
1.874284724519797440e-01
1.553668965327783258e-01
5.270127050566460192e-02
1.897611701390915506e-01
1.259726279317400707e-02
5.104263083428147579e-02
1.573135321202283610e-01
1.750324029460221253e-01
2.207562445451783095e-01
6.169932405930760033e-02
7.508670217700939842e-02
1.909958183767943574e-01
3.088733459158377308e-04
1.123476273455428914e-01
1.264306250195126324e-01
2.263953947275626488e-02
1.568397603913853910e-01
1.842892361098137088e-01
1.384969077650370917e-01
1.086623116075784573e-01
2.036995812859036456e-02
5.992147786921895453e-03
6.142848130030407333e-02
1.348493515486516858e-01
1.539060809330395907e-01
5.475048371919069568e-02
1.375509351567084371e-01
1.442353674055097956e-01
1.196442157153455171e-01
1.542726468862185008e-01
2.579165405886729157e-01
8.528660280363600799e-02
4.505597559554778281e-02
1.119052540925951772e-01
1.052357150394547941e-01
1.228781470706205303e-01
1.622156928351787819e-01
1.724648747542104066e-02
1.098692447291065438e-01
6.985171279227804161e-03
1.888375521588492312e-02
1.483461916819633353e-01
1.640549355327093062e-01
1.969298945153378222e-01
1.077969426510985186e-02
2.890252931848684079e-02
