1.830799060259787892e-01
1.754424151723910363e-01
1.613252028821491879e-01
1.634843646750443191e-01
1.719959157175803555e-01
1.516665411109345829e-01
1.655023023845521579e-01
1.838447676712415824e-01
1.131354754878843849e-01
1.740445618318253174e-01
1.888054228882815322e-01
1.742518549653096493e-01
1.307061439476597531e-01
1.672239199207918303e-01
1.646368093258292475e-01
1.561748522487275137e-01
1.344371441792747146e-01
1.734108065426931133e-01
1.458794021665983098e-01
1.759642819307449813e-01
1.764873364909854692e-01
1.801955015390628578e-01
1.880194702753930358e-01
9.308810061031909389e-02
1.774163351760541796e-01
1.863740834761879253e-02
1.745530474823075440e-01
1.513587415840124406e-01
1.544111082410240809e-01
1.593809401902858136e-01
1.444467912697660894e-01
1.856648257300035909e-01
1.354197699455355064e-01
7.450458359772826888e-02
1.624782783987198109e-01
1.564238618177030415e-01
1.718907384890915324e-01
1.161082134144818812e-01
1.561881390379860624e-01
1.534298002318095766e-01
