1.456545347633528553e-01
1.690330364024879017e-01
1.573540797800030144e-01
8.543644758094501301e-02
1.796812313582583365e-01
3.179165963212318702e-02
1.078888204826795326e-15
5.969351763618258033e-02
1.824729632233387799e-01
1.886546298369377872e-01
1.723104218778766239e-01
4.574739852782765820e-03
2.569015911682419051e-01
2.540524092138413126e-01
1.684104995307194041e-01
1.528723865725293840e-01
1.446280106109280872e-01
4.322262705057026977e-02
1.168886086533284657e-01
1.400811801332981221e-01
1.223496323646521000e-01
8.485830677217693144e-03
1.404838405691425651e-01
1.998757264098784125e-02
6.171398769310667415e-02
1.798942034952680236e-01
7.102370387125249429e-02
1.799918706576339733e-01
5.465241529884305727e-04
5.724959311180156940e-02
7.234213368627112617e-02
8.400023776268101400e-03
5.355168848073891402e-02
1.001896299198232337e-01
1.625882427356378501e-01
1.339766121216989445e-02
2.527380494795397059e-01
8.262382761458328395e-02
1.758529886592442512e-02
1.078888204826795326e-15
3.400858815606755403e-02
1.318343474784664793e-01
2.009543574705758562e-01
1.953855366983203723e-01
6.514008596472120605e-02
1.075869394194509665e-01
2.166853090244632574e-01
3.349336210676554654e-02
1.286449299996503814e-01
1.719281444625871125e-01
1.131172750230829416e-01
1.777726256661238402e-01
4.231463006058690940e-02
1.311211740422010830e-01
8.573898474824906413e-02
1.824609026716766946e-01
7.241475601948618723e-02
2.581508039832842039e-03
6.963641611991064177e-03
5.195591102671530404e-03
