2.238877279699376943e-01
1.761516890211162756e-01
1.756771566842590115e-01
2.031658063387355717e-01
2.043077434928442515e-01
1.754704254851704448e-01
1.695078222766340792e-01
1.337978638891322847e-01
2.119211263909180909e-01
1.101019101004320211e-01
2.232232800605258305e-01
2.006799734056727846e-01
1.632168318499087889e-01
1.489378703954100935e-01
1.730689167072068935e-01
2.139195621859590613e-01
2.070415359225687840e-02
1.356944669600823328e-01
5.859336438986378903e-02
1.900152540702917670e-01
1.627298289432840550e-01
1.322774138167044644e-01
1.279558204339229233e-01
1.173326294349762849e-02
5.414962815967014342e-02
5.480493449423586017e-02
1.734862260598695749e-01
2.054136206575819523e-01
1.391315241585165952e-01
1.428871943518982834e-01
1.278582486224361103e-01
1.402824384001610525e-01
5.047267906121106346e-02
1.951718670720871407e-02
1.544971286568061208e-01
5.877003039907987419e-02
1.853580125623391639e-01
3.379875096532350409e-02
1.408630362409897530e-01
1.356020514616318728e-01
4.645061005610956473e-02
7.707126338933820153e-04
2.879030375848487533e-02
1.143993166820740232e-01
2.564080621536923149e-02
5.528966346976720014e-02
1.233404121448805207e-01
1.114161615094639568e-01
1.849083377041392875e-02
2.002156307160339599e-02
9.370810853244894434e-02
1.384908937728239597e-16
4.906379120192790044e-02
1.384908937728239597e-16
7.385875624707554862e-03
1.276309868498428091e-01
2.409857913560974410e-02
3.971002800241869163e-02
3.350635564586523785e-02
4.200977827593320967e-03
