2.203296012405745186e-01
1.500510749629279938e-01
1.656064540860198442e-01
1.945555933294228212e-01
1.803326698455834098e-01
1.667491281907731993e-01
2.265233739293777138e-01
2.083745577445368646e-01
2.016633638690160379e-01
9.252678108377841715e-02
1.025872972735991512e-01
2.173394817299884596e-01
1.803145271362881497e-01
1.543128104913741305e-01
2.152325496102727373e-02
2.036811099324976060e-01
1.611741800773824895e-01
1.770175271055348110e-01
1.962543252064777866e-01
1.691076141749315587e-01
1.910746736503407261e-01
6.329164066997039484e-02
1.700502681061725474e-01
9.386157349769931602e-02
9.917201715324244771e-02
1.732999391967006697e-01
1.621599311540279365e-01
1.814494184102412033e-01
5.883739334265268919e-03
1.711409834754631654e-01
1.529400773908096145e-01
2.093733518904295626e-02
1.206071222997664172e-01
1.676231516353783590e-01
1.409775971044482934e-01
1.108620657877602556e-01
2.249966640345888447e-01
1.227335896783471741e-01
8.479686935159991279e-02
2.728666247677489012e-02
