2.542030942774211599e-01
2.449532431567745805e-01
2.684386169302076519e-01
2.427659625254902087e-01
2.333868046417001407e-01
2.371020152271110237e-01
2.427936233498107221e-01
2.387102245649494192e-01
1.977388279491399947e-01
1.702372861591405218e-01
2.356982059288464104e-01
2.576178666172250775e-01
2.476088282204586266e-01
2.055371213234448435e-01
1.729043825169376547e-01
2.372333778730847387e-01
5.676513729967806732e-02
2.432416930793694643e-01
1.374229466858861159e-01
2.382412941279103691e-01
