2.451017457182981252e-01
2.360134062919463371e-01
2.583919038135745749e-01
2.379786770855945588e-01
2.245788279365320272e-01
2.373507828654455032e-01
2.338565920662259712e-01
2.298947766898295220e-01
2.023113465054496296e-01
1.896907036884387110e-01
2.318606495733537276e-01
2.489552458754401010e-01
2.425541082474221843e-01
2.118596566721120678e-01
1.907331424640929529e-01
2.336673863571600007e-01
1.453476787596285624e-01
2.392079055982835045e-01
1.684597220797016404e-01
2.289953401867315386e-01
