9.344988354958055909e-02
1.595428402776466748e-01
1.285897047721529518e-01
9.189291174784210148e-02
3.817739052727175258e-02
9.562326857863449880e-02
2.356610365417322397e-02
7.851744968952342751e-02
9.658598518198652227e-02
1.396967605464226325e-01
1.594271719827156375e-01
6.734207466022690790e-03
1.337889114186081863e-01
1.386700690842171957e-01
1.198275652189972063e-01
7.695323363163031338e-02
1.198035719964998247e-01
1.511582572345039621e-01
3.317536114136110381e-02
1.550887778596340624e-02
9.275888260946407726e-02
1.869426597556790234e-02
1.392363407751758264e-01
1.361120184556095236e-01
2.004298012242251847e-02
4.220470899935446080e-02
1.177846194129090612e-01
1.569119249456191467e-01
2.038754667248946981e-02
1.571911581763464905e-01
9.331061629620947262e-02
5.502021267733152310e-02
8.751054420667765676e-03
4.798836669233372959e-02
1.366514668513255926e-01
5.934697264414533907e-02
1.214555522344098887e-01
6.444105945807220015e-02
9.455590221743463697e-02
2.656397577361477302e-02
1.375249935625349473e-01
1.701887551729214521e-01
1.359015499413462613e-01
1.623962384567349537e-01
1.092452569535001250e-01
9.565770872642981315e-02
1.479854740908733701e-01
1.422359493055185276e-01
9.587422787348282016e-02
1.760060102469555021e-01
1.827729638666761858e-01
7.522996125141674650e-02
4.949189321096396366e-02
3.203827150441365332e-03
1.680869608938938831e-01
1.673855136812372191e-01
1.328964860658439773e-01
1.371081021043492332e-01
1.417270329790521199e-01
1.092063655132964189e-01
1.477555698354924563e-01
1.497353978194954638e-01
1.662683057859377575e-02
1.665265977855607399e-02
1.005861018726600525e-01
2.014965900976557322e-03
4.239858509523366376e-02
1.067014412350305724e-01
1.041767055433546890e-01
1.481549785656668256e-02
1.631390064739743351e-01
1.382845879680946743e-01
3.271077065095146126e-03
1.519921747694150671e-01
2.307010138509936990e-03
7.799304531583578504e-02
1.680516378737516581e-01
1.449989937373903637e-01
1.294216254180804715e-01
1.149526187503378122e-01
