1.645395471901890394e-01
1.520948581249706999e-01
1.439419918209123850e-01
1.561166602015558180e-01
1.554105758383392821e-01
1.505820330482856573e-01
1.413793507074808109e-01
1.374591197218388294e-01
1.575074023519124067e-01
1.351932579372863708e-01
1.612244869988463947e-01
1.520587671498962179e-01
1.533524110388922168e-01
1.328501536415850337e-01
1.461989088677243254e-01
1.581356149713575854e-01
1.176528608843180473e-01
1.342379145484896841e-01
1.195718053038750534e-01
1.502309692710503131e-01
1.356541941863980416e-01
1.343211629771293159e-01
1.358274307754432364e-01
9.573926180627918836e-02
1.172883225921946132e-01
1.156413730872074830e-01
1.460367009878991706e-01
1.581681590001444704e-01
1.344414998523523197e-01
1.358811322472625871e-01
1.254728940517483016e-01
1.311492944186669896e-01
1.231996533295436624e-01
8.566451840798612605e-02
1.412511972083796141e-01
1.183523390001622599e-01
1.464066984498787749e-01
1.112875114915478358e-01
1.341847513765353217e-01
1.328009668957911282e-01
1.226775523008226121e-01
9.536721367049613707e-02
1.028625984271982902e-01
1.351995301500503455e-01
1.096589652098237250e-01
1.044720325414992268e-01
1.322590966627864850e-01
1.242790423637214897e-01
1.028783376682096823e-01
8.980404929067464792e-02
1.319546807245186859e-01
3.757224073854583540e-02
1.228028333085092183e-01
8.547187613451692756e-02
9.938825419471766787e-02
1.347569113611184199e-01
1.045472747848288503e-01
1.121487948328566964e-01
1.052219682395434952e-01
7.878135690761094156e-02
