2.900000000000000000e+01
3.000000000000000000e+01
2.900000000000000000e+01
2.900000000000000000e+01
3.000000000000000000e+01
3.100000000000000000e+01
3.000000000000000000e+01
3.000000000000000000e+01
3.000000000000000000e+01
3.000000000000000000e+01
3.000000000000000000e+01
2.900000000000000000e+01
3.000000000000000000e+01
2.900000000000000000e+01
2.700000000000000000e+01
2.900000000000000000e+01
2.300000000000000000e+01
3.000000000000000000e+01
2.900000000000000000e+01
3.000000000000000000e+01
3.000000000000000000e+01
3.000000000000000000e+01
3.000000000000000000e+01
2.400000000000000000e+01
3.000000000000000000e+01
9.000000000000000000e+00
3.100000000000000000e+01
3.000000000000000000e+01
2.700000000000000000e+01
2.900000000000000000e+01
