1.836836763356619606e-01
1.931801103833293842e-01
2.061153107098218362e-01
1.665287838164885292e-01
1.961818922697698142e-01
2.087838379632899477e-01
1.973470318579138572e-01
2.070406230198970354e-01
1.703110691893102990e-01
1.911415006155476881e-01
2.108503509198420278e-01
1.796476962824885004e-01
1.580867776206785202e-01
1.771406746487755868e-01
1.605684367045367156e-01
1.974301694391137341e-01
1.191378579088439998e-01
2.005139167159557256e-01
1.395106515756563414e-01
1.945048594440416945e-01
1.991935915746520236e-01
2.034197455181755432e-01
2.094196640047108482e-01
1.240476871294672739e-01
1.945649735936204050e-01
6.659718069053832679e-02
2.006676608877838996e-01
1.882638353884318883e-01
1.752279225840346621e-01
1.752997734938691321e-01
