1.108783736351160731e-01
1.292305296885018773e-01
1.238654482227321413e-01
1.097410266420656144e-01
9.963763643828915662e-02
1.138633762004641198e-01
9.516444087161252119e-02
1.066422282673665928e-01
1.115758405686324700e-01
1.228807484599734323e-01
1.277742242763245939e-01
6.679875391361074499e-02
1.274418034395167765e-01
1.185857706263121619e-01
1.156400951576142949e-01
1.058630629710607812e-01
1.184576844341564128e-01
1.269620944759784764e-01
9.305680071723641811e-02
8.159645470205140194e-02
1.086281229132418924e-01
8.094209310698025073e-02
1.283742970115512860e-01
1.190836414301698065e-01
7.793328663663474931e-02
9.600559604113383105e-02
1.140283348418962978e-01
1.299618683977855349e-01
8.402419015104091449e-02
1.281503610890658007e-01
1.118390992958175206e-01
9.916085627654178114e-02
8.220702990000891552e-02
9.785245379442857050e-02
1.223007092820016656e-01
9.613025565742548684e-02
1.182706095453985584e-01
1.037597232988085594e-01
1.089377179566640708e-01
9.758686541514216550e-02
1.211465277887764924e-01
1.312807797289350931e-01
1.211780612604211466e-01
1.288668732048943444e-01
1.161070070374272678e-01
1.129293973752342889e-01
1.250815532557525145e-01
1.233606502318190523e-01
1.121719464983932796e-01
1.353872418795416255e-01
1.393231323804926258e-01
1.034973622506700081e-01
9.542077872047122211e-02
7.728036987480174647e-02
1.324985403243004456e-01
1.315881619253432000e-01
1.217209470985562286e-01
1.232110155615072644e-01
1.231224109626658375e-01
1.136187389156103345e-01
1.253357264880956279e-01
1.276640919598586998e-01
7.228783644384687013e-02
8.708039606663607601e-02
1.151589153250032610e-01
7.058652454577792057e-02
9.795689941735269413e-02
1.186906716938031098e-01
1.118670905387100095e-01
8.010118798329114720e-02
1.296375075160037249e-01
1.201738908186888444e-01
8.011878965225478766e-02
1.262824271547924315e-01
6.503834139348994847e-02
1.048482959805648873e-01
1.328735765438947836e-01
1.209102386534340046e-01
1.199930303387823360e-01
1.199240394176437491e-01
