1.159150320188700872e-01
8.826799935831483590e-02
7.242514348912491851e-02
6.947828978922003518e-02
1.076224294269324394e-01
3.441273707561894046e-02
8.655403851391982317e-02
8.188210443175583664e-02
4.393327571427509820e-02
1.015372015280116419e-01
1.245549873259084971e-02
1.029667822521382475e-01
1.253159070289569244e-01
1.239461306110049496e-02
1.004151989432176956e-01
1.014908056723040075e-01
4.442312744234654109e-02
9.320193337425274061e-02
7.931539325655279082e-02
3.402473994716100764e-02
3.123064620468140457e-02
1.667666419687555482e-02
2.940935382427844157e-03
9.720406586737154186e-02
1.141949643201013304e-01
3.046140213705546620e-02
1.110082136018539223e-01
1.205608827182083898e-01
2.451143674050725030e-02
1.018894772185350572e-01
1.050038587426037166e-02
1.028307605625467941e-01
2.098515265658172993e-02
6.303882294699000854e-02
1.024254156330134946e-01
3.825948260412669055e-02
1.099791053437864791e-01
8.035434997137426427e-02
1.024424806134284494e-01
1.043750200260941952e-01
7.864982884579607703e-02
1.034930342118212804e-01
2.842525467967042113e-02
5.901835681720662974e-02
1.137530297954390257e-01
7.324949014356065685e-03
1.033665189585433325e-01
1.144468482265935116e-01
3.712963031898047078e-02
9.983780350874205123e-02
9.308826519821775114e-02
1.560429072838715077e-02
1.093197164121255532e-01
5.506756276532687178e-02
1.368355364499414077e-02
7.372841330383601843e-02
2.930877008584610935e-02
1.021396323784865834e-01
4.182879646790841482e-02
1.113268782688941194e-01
1.103953098922011988e-01
1.195875808822189218e-01
1.082381244649907315e-01
3.119969072693195081e-02
1.100141194946056139e-01
1.048172360425283639e-01
1.186659835370633270e-01
1.071054261502117771e-01
4.775630030730120684e-02
7.694858317062225339e-02
9.906655162874601628e-02
1.099725010251406121e-01
1.085103626558120704e-01
1.213337563572764455e-01
8.818159764302246906e-02
1.118759991864643338e-01
1.247380764991230934e-01
1.025214594023505787e-01
3.217757160626870394e-02
8.399208007074644711e-02
8.774803893832713864e-02
1.155724633838767501e-01
9.884803006034438566e-02
9.970605678190480603e-02
1.021163112550059621e-01
9.354983018129994776e-02
1.183878796953885121e-01
1.175453503106148739e-01
1.102946756775760040e-01
1.189338141456058318e-01
4.985517508023879635e-02
5.716057661940201345e-02
9.345332274541776063e-02
1.838770568562294021e-03
1.082838163293111666e-01
6.307322133524781438e-02
1.183051599715656127e-01
8.595130504647659209e-02
1.303675660205054487e-01
1.174130393201514369e-02
3.413063067168393971e-02
1.259375339935567828e-01
8.177230701465217078e-02
7.795205991685498492e-02
9.072833101439718717e-02
8.510572402033150796e-02
7.821716697512198779e-02
1.140683959913860596e-01
5.555928399206832430e-03
3.433034299616251339e-02
9.448410153132526246e-02
1.048735693695446863e-01
1.208444551339209194e-02
3.239393756674328884e-02
1.218838427469029068e-01
9.596414335151357000e-02
3.720979098533763046e-02
9.804014526956833508e-02
1.202012467708914872e-01
1.185384279536874780e-01
8.718626274491383943e-02
9.698777929870655568e-02
3.741918332087349613e-02
1.173894005876228858e-01
3.596090367235173918e-02
4.219298263415884043e-02
8.046092583801214837e-02
1.168437753727694928e-01
1.190669308664262516e-01
9.532002070925744974e-02
