1.223078450842570858e-01
9.583367183728869199e-02
1.006114222253850360e-01
1.089300018069951498e-01
1.159916205916710907e-01
6.720341479287506026e-02
9.133907863954275619e-02
3.904973444572847063e-02
8.892917547598909456e-02
5.542137994141174695e-02
1.122377935809636268e-01
8.891953282902824440e-02
8.602667583133530305e-02
9.121710202074098661e-02
1.018904180366494300e-01
1.242195729064083515e-01
5.625314214873102653e-02
1.036466273581215791e-01
6.647088589451492779e-02
1.207218656993789413e-01
1.281587169791757463e-01
7.419717809461667812e-02
4.868241890834282964e-02
8.273223756243978932e-02
1.231330757425275341e-01
6.316382676721450651e-02
8.952893967911636219e-02
8.405978665443492037e-02
1.183653546319828470e-01
1.069515180564149237e-01
1.104458166403662067e-01
1.095481184018194942e-01
1.143421167431746821e-01
7.674893270439686610e-02
1.207347195301475828e-01
1.148827606117421296e-01
1.352075898254642417e-01
9.002680036351641546e-02
1.190699014430511848e-01
1.265720165881046855e-01
1.086693058565011138e-01
8.067860821289093987e-02
1.265075201249072634e-01
1.281075970219705817e-01
1.170681165705250854e-01
1.140644373323907723e-01
1.129545896857906684e-01
1.118206455692667134e-01
1.149581809150150291e-01
1.184827417203893618e-01
1.282197253646446822e-01
1.177576051466343726e-01
9.228146484590636633e-02
1.203578959026824491e-01
1.053467530623400511e-01
9.152974129851146334e-02
9.563207367271771286e-02
1.167793250473374844e-01
7.081335724563886380e-02
1.192188542694734149e-01
1.164862957142283190e-01
1.175525451750945582e-01
1.111293880844405613e-01
1.136046474608669865e-01
1.114995703500233498e-01
1.082309283831411062e-01
1.206398150947550624e-01
1.080560818833724013e-01
1.280106146027074898e-01
6.110803228310029284e-02
1.257217766893195254e-01
1.209113219002441592e-01
8.163600477592318494e-02
1.141422715630633078e-01
1.116826760439573601e-01
1.228663166334700851e-01
1.264768933791570737e-01
1.263594610665855489e-01
9.296856368787073666e-02
1.153742566892840965e-01
7.182780641742626815e-02
8.701141630577208241e-02
1.265864948194350970e-01
1.192540552995383779e-01
1.071994664189112600e-01
7.545510263090773884e-02
1.063480411565943390e-01
5.167250036807345681e-02
1.293840559361693898e-01
1.066643489823981966e-01
