6.868131779290521932e-02
8.305620479966832614e-02
1.105343100269461781e-01
6.308795668373107235e-02
5.044415021113603931e-02
5.971196655899863731e-02
1.071874779179694120e-01
1.024303356498017237e-01
1.150297480219249630e-01
1.158578134083671357e-01
1.103065255526459038e-01
7.499800872291197129e-02
5.507834118912576654e-02
5.835803318817861518e-02
1.136324216233874501e-01
4.508708080328055479e-02
1.143038096039248885e-01
8.236729631103978377e-02
1.082580858619365399e-01
1.146039124610265802e-01
1.169858312287960361e-01
1.172528455734894448e-01
1.016748952018465546e-01
1.088990994111728033e-01
9.304899037741172496e-02
1.116256551633906524e-01
1.188455698497395685e-01
1.011000798799648603e-01
8.540654306022402165e-02
6.045093416147761384e-02
9.080189583069177284e-02
9.867479305663777456e-02
8.158301272346593636e-02
7.602727454726049272e-02
8.315586455880430439e-02
1.099246684320487749e-01
1.055014074273343122e-01
1.068071996757921777e-01
1.147732998668810345e-01
9.680237275742827052e-02
8.818019504258736707e-02
7.720066803476929862e-02
1.011169993057839805e-01
1.071848127038673021e-01
6.076958871418824265e-02
1.110049058900240554e-01
1.147251039602229239e-01
1.071767860901486763e-01
6.762202772364445114e-02
1.032787996703547762e-01
1.104488887691758570e-01
1.117961590566915880e-01
7.870049520418838374e-02
9.347160050029143519e-02
1.099580409633499206e-01
9.938096176961236372e-02
1.189941754807331137e-01
1.140539923739618405e-01
9.889358888083085719e-02
9.119491629107176478e-02
9.928969869176847152e-02
1.116790807270290342e-01
9.506886137123286840e-02
1.018236409906546069e-01
7.472342990899970283e-02
1.147376444419083985e-01
1.220307503684306127e-01
1.014609909725057019e-01
7.390401766837137454e-02
1.027701510132681129e-01
1.135701558235215625e-01
1.045798091458367551e-01
9.032329623987342404e-02
3.853899191308177152e-02
9.860664183764750179e-02
1.006376952437226246e-01
1.147988955807485167e-01
8.165716541711766363e-02
1.057090788414932064e-01
7.439375859543044534e-02
1.035145113277124718e-01
1.045562487739647994e-01
1.108849400518110706e-01
7.839044091591508556e-02
9.820517666590314332e-02
1.064279378290199640e-01
1.097683968762283024e-01
5.307777911630750384e-02
1.135293194912865844e-01
6.316386111585525764e-02
1.033177710865762489e-01
9.916385633855677451e-02
8.999639387210264796e-02
1.043575802720144718e-01
1.179462805694122540e-01
7.733926539094811148e-02
8.906551259963675637e-02
5.991715903474841010e-02
6.692741286637196585e-02
1.049944206715405365e-01
9.968573287634248381e-02
8.679896399202230439e-02
1.158543269685841925e-01
1.044814826012233633e-01
6.709756604572353345e-02
1.069956723889266548e-01
7.903899880442664949e-02
