6.943366776218172498e-02
1.113087796049777728e-01
1.318018629526579999e-01
1.388620548254248521e-01
1.293983078252012586e-01
1.247993326700446021e-01
1.204231559047332922e-01
1.261481835992744327e-01
1.352151497088060206e-01
9.113302637143662344e-02
1.304285680647697121e-01
1.334384224160510835e-01
1.234865219097252415e-01
1.337253223510859179e-01
1.331210170793628023e-01
8.584312177586320147e-02
1.184697390693263963e-01
1.161338421631404050e-01
1.296233301511108826e-01
1.123520956135111992e-01
1.179321665760719035e-01
1.275683024760905226e-01
8.774607800749444075e-02
1.113553395423721309e-01
1.336262103939821477e-01
9.931066533053212186e-02
9.669892264515542180e-02
1.334612722545764352e-01
1.047928077160303895e-01
7.779082768060034681e-02
1.253491330845741547e-01
1.144699859873346270e-01
1.273812386507789662e-01
1.303148430575271355e-01
1.322144487974792060e-01
1.111943061478513628e-01
1.349217688890433364e-01
1.174651286043501969e-01
1.342887312682391754e-01
1.289815643344473794e-01
1.156456635304378838e-01
1.042610673898359264e-01
1.274286725206888737e-01
1.390746389981833142e-01
1.380137643520826518e-01
1.312918303154326782e-01
1.199188324843501463e-01
1.367268002478937983e-01
8.799250876543153466e-02
1.252644508126000977e-01
1.331188263277908179e-01
1.385329667377139251e-01
1.119481847383886064e-01
1.243010696522867803e-01
1.003720321194112725e-01
1.226727761378639536e-01
1.382361766179573126e-01
9.680140229456905832e-02
9.992578550541270088e-02
1.292181878549104324e-01
8.834816748072527037e-02
9.099652554192964871e-02
1.058204958998090472e-01
8.064179542686933377e-02
1.292363895660000594e-01
1.412877888927521197e-01
1.205921627273741498e-01
1.206797647961067310e-01
9.113747086196304081e-02
1.429301155026679038e-01
