2.016242940964390815e-02
1.096425786972655830e-01
1.411376109854515781e-01
1.492219403821208878e-01
1.336735403889069695e-01
1.299745617458960278e-01
1.251001492881798349e-01
1.347735003507185003e-01
1.429203006880215565e-01
6.288897757959892310e-02
1.378066744175711345e-01
1.420479139336433827e-01
1.214695350429896431e-01
1.429655099087660253e-01
1.429379674145383194e-01
4.666520674691788245e-02
1.101105366317113865e-01
1.103977138065212749e-01
1.342668065762201990e-01
1.123652486913751941e-01
1.159149401061592977e-01
1.256088548426297635e-01
5.209575009111355043e-02
1.087563713403840587e-01
1.417634798016560727e-01
8.260712429780961430e-02
7.282219489550197100e-02
1.409441271063086587e-01
8.608831822723896077e-02
2.442235567655365661e-02
1.337836122665881367e-01
1.155985994033741221e-01
1.316060096024529447e-01
1.366294598838237173e-01
1.413743818967457822e-01
1.009712710602070074e-01
1.460877312680961548e-01
1.146843993752600377e-01
1.423795683750666008e-01
1.349834976409245435e-01
1.176968170658146545e-01
8.517966474839938629e-02
1.305497581599859014e-01
1.507878628572893454e-01
1.475117368764318759e-01
1.395017764990288400e-01
1.185816603279942483e-01
1.465389053997378233e-01
5.202036341692295451e-02
1.322539813390739560e-01
1.433661409944909371e-01
1.480288237120421790e-01
1.090674201046538117e-01
1.301598274508111719e-01
9.812099801025732371e-02
1.242584962756765055e-01
1.502432815111281739e-01
8.577549215137152128e-02
9.137921391186420994e-02
1.345448232222425100e-01
5.708238310524743619e-02
6.449135741604174188e-02
9.457479016630269963e-02
4.417684716627433977e-02
1.309600062109184671e-01
1.519891682455424275e-01
1.232959992055477627e-01
1.220113040406710925e-01
5.538218252592135016e-02
1.546116205507888641e-01
