1.047516653381914790e-02
1.160956023974715512e-04
7.393392084064827341e-02
2.930006757349754281e-03
1.339137474851806639e-29
3.890227448614877459e-04
1.271181416265841913e-01
1.073051202473728344e-01
9.676675894643571585e-02
1.398263603959382928e-01
1.414025405167625427e-01
3.336302312456937251e-03
4.378294411726435589e-25
4.291814055031861579e-03
1.357614091765124986e-01
1.260458429082230358e-03
1.923931816433200048e-01
3.564827860007822175e-02
8.648812934766303417e-02
1.781119106543874731e-01
1.422694268495260650e-01
1.939261914481634486e-01
6.932703575075774283e-02
1.308662326978802803e-01
2.301262628720267614e-02
1.059133077484186725e-01
2.049254713998691912e-01
6.482848365941693003e-02
7.679830846130893986e-03
1.339137474851806639e-29
2.763213807412312137e-02
7.536115355194988874e-02
2.859867808210200466e-04
1.455135675808879757e-03
1.584412521982407271e-02
1.306325012487870030e-01
1.145319989213655076e-01
1.152429965283655738e-01
1.376806426492021840e-01
3.320067587426942662e-02
7.380950883564478537e-02
1.902349686107412258e-02
5.888473933751681849e-02
7.921107465312959839e-02
6.021782998270894596e-03
1.107087945932384437e-01
1.809815864616902970e-01
1.285264786948460969e-01
1.339137474851806639e-29
6.510885398760067611e-02
1.064349478154671819e-01
1.352879922643921429e-01
1.670383916888260631e-04
1.037559212634485244e-02
1.319483167415240465e-01
8.074807885051904499e-02
1.970769731310898221e-01
1.636398761202212948e-01
5.797680588773822252e-02
6.286631860228537871e-02
1.026591975272864582e-01
9.695451767848879687e-02
4.628680021419524088e-02
8.829797302823207128e-02
1.339137474851806639e-29
8.212549730184151575e-02
2.118675640987255637e-01
6.715728389928164732e-02
1.444641380221430629e-05
4.804503126720254674e-02
1.214886717714795117e-01
1.028188061690356314e-01
1.838838258434103909e-02
4.378294411726435589e-25
1.137144812604821004e-01
3.600957142052950422e-02
2.028385857123937153e-01
1.914784355539011357e-02
7.923107345938378010e-02
7.040900232796656194e-03
8.582155211174331833e-02
1.228403669530926251e-01
1.139873111780749931e-01
1.339137474851806639e-29
5.185296108492735284e-02
9.955621401232006562e-02
1.392296907811864104e-01
1.434858868499671062e-04
1.704917445366067319e-01
1.020205101384145377e-03
5.965636979019982300e-02
1.078581771406063178e-01
3.684275672304970772e-02
1.199637813487825916e-01
1.828285917468781552e-01
3.815301845555172430e-03
8.359846284701140037e-03
5.037384525262168615e-03
4.852361570560874692e-05
1.279028029351442219e-01
8.656605679531824415e-02
4.151614011087441380e-02
1.791740396588945017e-01
8.493921404098651873e-02
1.339137474851806639e-29
6.294240220750575709e-02
4.801779029311933900e-03
