1.946845987286008328e-01
1.821315556767408306e-01
8.377376083421925190e-02
1.696389267101046094e-01
2.267590481952377057e-01
2.026061912558943523e-01
2.528709240980999695e-01
2.907267573125382754e-01
1.753190898719127477e-01
2.084467805394632778e-01
6.622729588371298326e-02
1.722867724546921220e-01
2.902741116945354860e-01
2.949270701474066003e-01
1.020850347725140060e-12
2.200275347226656186e-01
1.717461499568299355e-01
1.977054658997978442e-01
2.259281363328767556e-01
1.020850347725140060e-12
4.558813725731850758e-02
2.443956401155818192e-02
1.620648131344318843e-01
5.175215465522337716e-02
9.983417562446826599e-02
2.526044149855273258e-01
1.820426023421261030e-01
1.971051482848188152e-01
4.689488343467302679e-03
1.650840967159675765e-01
