1.808094022939039924e-01
1.982190949225202670e-01
2.137667007886382975e-01
1.604089705410337019e-01
2.054042475356272490e-01
2.176826627448032458e-01
2.076048098429539024e-01
2.180323982034674257e-01
1.602933867865032613e-01
2.007975366246965432e-01
2.218648618821106588e-01
1.743270105324155050e-01
1.372425816695116985e-01
1.743716625549297516e-01
1.405989627136068620e-01
2.031582428769937165e-01
3.909374594400948089e-02
2.058985703733857975e-01
1.058390334677455913e-01
2.042753079427664098e-01
2.059669040787810435e-01
2.099743159044618890e-01
2.167323231124496652e-01
7.074150735294226777e-02
2.031608581519273593e-01
4.194913644863816626e-03
2.058065050544101715e-01
1.975365678685260251e-01
1.720603539524029613e-01
1.812459611997872533e-01
