1.100722575534681114e-01
1.473793521061216305e-01
1.287443318817509674e-01
1.292299243387409202e-01
1.383516417130865594e-01
1.499363270093142242e-01
1.517259841979294310e-01
1.097993546110298951e-01
9.824905066833615475e-02
1.284822729000133223e-01
8.167924059919619284e-02
1.295074756093383683e-01
1.022355068554569590e-01
1.522520468507719826e-01
1.400954049922548683e-01
1.366523940962148242e-01
1.125865334877222956e-01
1.390997348024005376e-01
1.045405938023321879e-01
1.182329743803161026e-01
1.396838730562662279e-01
1.421547826059683939e-01
1.456802413581148592e-01
1.193006086668054327e-01
1.311763106645533195e-01
1.437221469520731099e-01
9.746758341768919920e-02
1.267768478292354006e-01
1.358043785158322692e-01
1.068704553547042135e-01
1.413934864245874057e-01
1.452526777233529021e-01
1.376278977874356713e-01
1.305931030303297546e-01
1.090810025197151145e-01
9.320431688794016123e-02
1.246992025062273052e-01
1.385633507528168940e-01
1.437302813662039713e-01
1.259950833634094214e-01
1.312936358566835493e-01
1.372923857980360152e-01
1.302161493705358830e-01
1.408382257782763158e-01
1.551813041453425357e-01
1.274340575572976697e-01
1.223941092680232295e-01
1.317973644270055700e-01
1.300421969363081964e-01
1.327757706555632577e-01
1.390801829707685455e-01
1.048054990317521251e-01
1.385958459099310702e-01
1.111997031681596915e-01
1.132290269125007243e-01
1.420518325045008190e-01
1.429141193642584351e-01
1.510167656336247610e-01
8.900950293351861387e-02
1.189305526495448989e-01
