1.380637314126891557e-01
1.709604748495959781e-01
1.523275296956309588e-01
1.483406320576383941e-01
1.597154961584223432e-01
1.532637787695639853e-01
1.723504940984861566e-01
1.670164030253303289e-01
1.113674391640706585e-01
1.442410728376075923e-01
1.643184196923511142e-01
1.594131480007444090e-01
1.596431385535742320e-01
1.409971956661220105e-01
1.490557479970557042e-01
1.459951137721690329e-01
1.245551304903989298e-01
1.601534133929203851e-01
1.338746681124147742e-01
1.412724470548385736e-01
1.198872820550493240e-01
1.433385959653922237e-01
1.704285830904647969e-01
1.011773015265058223e-01
1.611846040508096989e-01
5.927930218995721562e-02
1.556538886921270681e-01
1.432731198610036338e-01
1.430649976806560031e-01
1.437601880351928318e-01
1.344281026971852755e-01
1.681700345484396231e-01
1.277640168696707601e-01
9.544081491761642611e-02
1.505837091647176940e-01
1.413455701185474256e-01
1.558515958777242638e-01
1.144498871370667054e-01
1.429528329721153068e-01
1.405559361631612825e-01
1.589868408384398912e-01
1.456097446870809053e-01
1.105405449238889698e-01
1.422817862643138143e-01
1.151783492480078636e-01
1.105586567491513156e-01
1.417345193948882642e-01
1.333959974157843398e-01
1.114908144339673141e-01
9.995768736388969955e-02
