1.215654611286635378e-01
6.928351609704849756e-02
5.004139502077980389e-02
4.199965622656037095e-02
1.112089991264883920e-01
1.610136122306230627e-02
6.594278501582459540e-02
4.303441317238929087e-02
1.864624566555243140e-02
1.105718634012520241e-01
2.608832211707355370e-04
1.087726578136988670e-01
1.574564780381825513e-01
2.741504199783487139e-03
7.955787183030910148e-02
9.341852356816772451e-02
5.752273594697702129e-03
9.160017057099682780e-02
4.167185269291961980e-02
1.068283519867275350e-02
1.491418713432641867e-02
1.586489326271275143e-03
1.939927338301960808e-04
8.777880557294924502e-02
1.310643545281624522e-01
3.863187427199239656e-03
1.081533802123461757e-01
1.457399150060179061e-01
8.311758853739619618e-03
9.355666585010623260e-02
2.258382728255437476e-04
1.062300451575041438e-01
1.158478915109034321e-02
4.222407434368071616e-02
9.139067113324612912e-02
5.904245747080106785e-03
1.201351876359976062e-01
4.535641006375418227e-02
1.009338173979817538e-01
1.115970069079544602e-01
4.911829900589866765e-02
1.096376955547596899e-01
1.321467786340405591e-02
3.579412524138254892e-02
1.142890156906976179e-01
1.701242618738902940e-03
1.133773437249198796e-01
1.339671929221551705e-01
9.158462858475399301e-03
7.389310866624672347e-02
1.065535813920037017e-01
3.600869012368895002e-03
1.151783627079634997e-01
2.647134569149959052e-02
1.953086107511407907e-03
4.189947672763162656e-02
1.405514912691577939e-02
9.683818806683143487e-02
1.075212470286153119e-02
1.087602504363587019e-01
1.082533580950907903e-01
1.452423642574522111e-01
1.176728146665504543e-01
1.148051241878478984e-02
1.237816893072988117e-01
1.039234159156206538e-01
1.374843865256771547e-01
1.020591499184195505e-01
1.399858477245274208e-02
5.874909643186060348e-02
7.016239372663607421e-02
1.032353447226101173e-01
1.231862186397221087e-01
1.408726457260822407e-01
6.413882946859032763e-02
1.077103431237094455e-01
1.521809043531630601e-01
9.289808785683463521e-02
1.512427980531470123e-02
6.422583974186554800e-02
6.118449857226829214e-02
1.312837739197408038e-01
8.452334803795334695e-02
7.970602019665988525e-02
1.047472229510933578e-01
9.080372033014351418e-02
1.376414465467598047e-01
1.353794077495387160e-01
1.239466000298022341e-01
1.461503209394852398e-01
1.447679951714887954e-02
3.012120986003034503e-02
8.251008813614041371e-02
3.821025331683229442e-19
1.118754919095045208e-01
3.943034809158216247e-02
1.186327686622606625e-01
6.348558172419467571e-02
1.578598735496912486e-01
8.743470996888179358e-03
3.259085808949481727e-03
1.570735871791435478e-01
5.616352170554499146e-02
6.064262290496103686e-02
7.311560925020434143e-02
6.718750501428379096e-02
5.876078418279535170e-02
1.304315807675283656e-01
1.304931791588456898e-04
8.236700601640051592e-03
8.613140808290024875e-02
1.190901025273868874e-01
2.510845547527051306e-03
5.197005029863111317e-03
1.441808671663342145e-01
1.016647183230126594e-01
1.607663040625198145e-02
8.653395355191270677e-02
1.433420685469266598e-01
1.368621452637347469e-01
7.684958733556573884e-02
9.008631978548121977e-02
2.742070086742101880e-03
1.308269077478395048e-01
1.093460913514172211e-02
1.557168762468644045e-02
6.677456469064330102e-02
1.275934907381725825e-01
1.377864893836957261e-01
8.503512164772965287e-02
