1.361081739676164859e-01
1.762173244675180883e-01
1.567154965840818481e-01
1.523677672810478667e-01
1.641798000232066457e-01
1.567290537924605764e-01
1.773131387663609559e-01
1.716948589453113627e-01
1.052450411107320877e-01
1.468544457723690300e-01
1.693304449442203652e-01
1.643607916113895839e-01
1.636298307167999011e-01
1.398780778218028931e-01
1.526094280218281141e-01
1.468385410142857839e-01
1.236361259630781445e-01
1.635164453178355737e-01
1.360739375299455378e-01
1.442940040543078395e-01
1.071558284397697708e-01
1.457017372512469933e-01
1.757213448055064131e-01
8.480649353118176192e-02
1.647144306037280626e-01
1.851556175496871931e-02
1.596942368152004244e-01
1.468768920754106588e-01
1.428051142594240486e-01
1.446153557256495692e-01
1.305878460993315227e-01
1.736087981077512887e-01
1.228269039167664001e-01
6.819710881496524046e-02
1.531793063441525549e-01
1.442496134987596434e-01
1.594176104354228241e-01
1.049320333943437045e-01
1.438733457703803287e-01
1.398855457707437466e-01
1.626596701286387447e-01
1.456128441374658355e-01
1.031541927232824812e-01
1.444104570732213100e-01
1.087209497217864196e-01
9.587820468305571775e-02
1.438982327771007597e-01
1.293007544023623001e-01
1.079680442810077162e-01
7.444836499239344818e-02
