9.700123429639991024e-02
9.503205859974384051e-02
8.030720337696146960e-02
8.636500882338277174e-02
9.783020976548044423e-02
8.375083358891452501e-02
7.547370624116629678e-02
9.909065395578178781e-02
5.336817468528221031e-02
9.639654769163265302e-02
4.823900330220090571e-02
8.144363566136721133e-02
4.742467385363012544e-02
9.395822230789385721e-02
6.362551754524115033e-02
8.221361632414932175e-02
9.515436369885901802e-02
5.524469774442029857e-02
5.365810504192609215e-02
4.892361429644704468e-02
6.133731175114902345e-02
8.701201898332799889e-02
7.007980098639059185e-02
9.935724599745368590e-02
5.983004978903933707e-02
8.354739091887437852e-02
5.461186241431524591e-02
3.567350180790342107e-02
8.514433167426800619e-02
7.776522613412145679e-02
7.461655646728561353e-02
9.524875447897923619e-02
1.009236295716842008e-01
5.514189570377922567e-02
6.666017903218679486e-02
9.612262728526052569e-02
5.510376366077710669e-02
1.006350727741345402e-01
7.138918804181218492e-02
7.586295070979556798e-02
4.476125193271467129e-02
9.765945312930529587e-02
8.919657920704279763e-02
8.039551949696063793e-02
7.822603324687356363e-02
4.426756599976598011e-02
7.782114114488138112e-02
8.054729174482874732e-02
8.308624712510447041e-02
1.002453118226716428e-01
6.063278770812419866e-02
8.495281437964467830e-02
6.523090691549378317e-02
5.034354266113177934e-02
9.123758460151734639e-02
7.239656832886849636e-02
1.001416739501076320e-01
3.452290783655610762e-02
5.711351760177407755e-02
1.030230867036748821e-01
8.284947014502284934e-02
8.929412469947124731e-02
9.037174626263395905e-02
6.614711184466126603e-02
6.264155678489911894e-02
8.627089308172240789e-02
6.383349084763109693e-02
9.732985787244152753e-02
9.200494306313268533e-02
9.644280983450258249e-02
9.367682471627720997e-02
1.025771990201934381e-01
8.521509560791434845e-02
1.011843336387540926e-01
1.037580990542060350e-01
4.667019091592036761e-02
8.638418823396193380e-02
6.986883020774106723e-02
9.546091743195626866e-02
9.002831815727566078e-02
8.096425608453890199e-02
5.335585861822154941e-02
1.001519662122970084e-01
8.169482438437995764e-02
8.805816801392545023e-02
1.028179194284868786e-01
9.186154213985789352e-02
6.483057606718088672e-02
9.675866068962431232e-02
8.845265795781850904e-02
9.357671672209540159e-02
9.725504977911302029e-02
9.061820631793295056e-02
9.201837249123885620e-02
9.832391192726820661e-02
8.457330504641598357e-02
8.209401450766758146e-02
9.930608341273759743e-02
5.889792046760294192e-02
7.386276734754111672e-02
5.796675449875852287e-02
9.957147562513331274e-02
8.247164104521338690e-02
3.127274623377825774e-02
8.543807364346669986e-02
9.169449868572036866e-02
9.261004765909286451e-02
5.162837575749579244e-02
8.208786074328695836e-02
9.317453687322292677e-02
8.548230719158919633e-02
9.604602398600034507e-02
9.442130899168182934e-02
5.011576797386643745e-02
8.152901477434595923e-02
7.432529218752341460e-02
1.027224553742385055e-01
5.002903250486340214e-02
5.608462426328508776e-02
6.860067937733203836e-02
8.670222272622048199e-02
8.939728558015927473e-02
1.046736153473073194e-01
8.705469209921079532e-02
1.004672618614489560e-01
6.640261332082940393e-02
8.962535534762619549e-02
9.642218150831365076e-02
1.037872904152924020e-01
6.206742908619772292e-02
9.149188987509858373e-02
8.651525004316526490e-02
8.120934051353076444e-02
9.559676309729764343e-02
9.372666050593045362e-02
9.099496958524047607e-02
6.781719112117833015e-02
5.404763258198837933e-02
9.713511730726948068e-02
9.145151679072713313e-02
9.934718597803732232e-02
7.849548180555930565e-02
6.328903386954472243e-02
8.644924157665763442e-02
8.300585905249238672e-02
7.369668588074161641e-02
8.534031848772839768e-02
9.274290785788545655e-02
