1.550195706621780023e-01
1.079009205827048123e-01
1.528406610858629722e-01
1.660010140520015998e-01
1.518532906826128570e-01
1.428563807932421992e-01
1.756605477316273145e-01
1.361831983566585691e-01
1.610342756658539598e-01
1.721980423301265883e-01
1.404379886509678765e-01
1.720708502558030983e-01
1.627161060239132595e-01
1.134422788789229003e-01
1.669769277556096276e-01
1.528170899691808082e-01
1.778474998788487638e-01
1.823182258154237012e-01
1.422853161319281301e-01
1.402723711155698938e-01
1.703589387618043016e-01
1.654334425266157371e-01
1.737447930577910027e-01
1.745347760432894857e-01
1.836876903744849021e-01
1.865955030564644401e-01
1.429556049877476198e-01
1.700791878067615392e-01
1.697709695321187595e-01
1.595755170903328246e-01
1.541719900818694367e-01
1.426134912832598967e-01
1.644791652038324892e-01
1.605783763287254584e-01
1.329798065499177562e-01
1.225004069205876817e-01
1.688937669659048846e-01
1.740558551446339808e-01
1.198537685875779024e-01
1.678766735177147640e-01
