1.139195408882045374e-01
8.542998408767221719e-02
1.330140529196321142e-01
1.220091482884017586e-01
1.159224405108189720e-01
1.624513005344501992e-01
1.135682256623455483e-01
6.627628421901414491e-02
9.643574256884200613e-02
1.112795759660476502e-01
1.682302040906010487e-01
1.581151417745496612e-01
8.922698647944062034e-02
1.506867246589226328e-01
1.271264341004344767e-01
1.076099003022959466e-01
1.622586600276606505e-01
9.639050327440813748e-02
1.563987337376639697e-01
1.680205531209649494e-01
1.478956050361462937e-01
1.262713948699284994e-01
1.381614974425732223e-01
1.625365505958500656e-01
1.614345862114344166e-01
1.482413108500471310e-01
1.517666530311715944e-01
1.451098433006150490e-01
1.469113872049656599e-01
1.414073699650039151e-01
1.606925054032633526e-01
1.612973756396061942e-01
1.671132436945261257e-01
1.669529025229613828e-01
1.567374876310396736e-01
1.624946396853911013e-01
1.457077384128383224e-01
1.679105440117897863e-01
1.675375418302519348e-01
1.563898558951192785e-01
1.630451918913693732e-01
1.707861447735178340e-01
1.737925404303329036e-01
1.460131418857448515e-01
1.385257907384672693e-01
9.808870198478975011e-02
1.192818190510821635e-01
1.454880141911472080e-01
5.624597935754523798e-02
1.268309752048157879e-01
