1.109351024836252309e-01
1.293021046159400222e-01
1.239259456519194169e-01
1.097940268942931979e-01
9.967353577329293723e-02
1.139232386508506889e-01
9.520460034651757886e-02
1.066975779707509259e-01
1.116329688051177493e-01
1.229466489661047574e-01
1.278431458686082600e-01
6.662120159556089716e-02
1.275014088448815641e-01
1.186577957100957426e-01
1.155195553212993581e-01
1.056822716516674920e-01
1.185068302870025264e-01
1.270311699061335009e-01
9.308329777280327511e-02
8.130115869340341639e-02
1.086760159318660712e-01
8.049143088020647985e-02
1.284347978371696286e-01
1.191522062980840818e-01
7.687170746591058534e-02
9.605200284311674053e-02
1.140963904679215268e-01
1.300301084577413779e-01
8.382608239217799462e-02
1.282145679037578478e-01
1.118980949112063639e-01
9.897891314277783292e-02
8.223531784164436753e-02
9.789551037330489203e-02
1.223669907825220421e-01
9.598027935267525179e-02
1.183326723058197166e-01
1.037873272609950714e-01
1.089904580453479599e-01
9.761875571520098327e-02
1.212075073775151224e-01
1.313535356984233404e-01
1.212378508099197921e-01
1.289452659331889739e-01
1.161621274307000212e-01
1.129759003950502466e-01
1.251533470414278315e-01
1.234274320495723776e-01
1.122283710848660243e-01
1.354660758246676866e-01
1.394005581675442085e-01
1.033859580029279218e-01
9.545939390610100328e-02
7.713094837926207092e-02
1.325681931035974093e-01
1.316649371769976484e-01
1.217814760916918065e-01
1.232797879932343854e-01
1.231844147656566274e-01
1.136775609098783502e-01
1.254023210470132377e-01
1.277322642073610293e-01
7.160039203241300165e-02
8.710901176426671944e-02
1.152132203289561174e-01
7.059770892690782340e-02
9.799694982058310133e-02
1.187457502402219228e-01
1.119159996505577764e-01
7.953433123361847157e-02
1.297072099874361784e-01
1.202492677958086342e-01
7.990011882338009241e-02
1.263543567440080229e-01
6.449477019804929212e-02
1.047168258025282794e-01
1.329482764165755004e-01
1.207971378140579866e-01
1.200527073239233272e-01
1.199845469291699190e-01
