6.943242485956145627e-02
1.112975948242049401e-01
1.317878257032563394e-01
1.388409111703441667e-01
1.293817701630515793e-01
1.247794026547509177e-01
1.204061336590699222e-01
1.261282849918326510e-01
1.351972469845339198e-01
9.140505402292221915e-02
1.304086078592611442e-01
1.334179510710639116e-01
1.234701827112215794e-01
1.337043491503612236e-01
1.331022706111288645e-01
8.583541474864635201e-02
1.184548169750958418e-01
1.161197264540482499e-01
1.296069428548895230e-01
1.123386517704468152e-01
1.179208237310004626e-01
1.275518175847328017e-01
8.773977058597030865e-02
1.113460431617894486e-01
1.336072961780860047e-01
9.930021162303653837e-02
9.668736588112121499e-02
1.334442245640025115e-01
1.047825042897405079e-01
7.778816370158864180e-02
1.253327929900039106e-01
1.144558207891295670e-01
1.273619381122591543e-01
1.302963965937727897e-01
1.321976824986284271e-01
1.111836270729583409e-01
1.349027952045590284e-01
1.174479560841266840e-01
1.342672192082595972e-01
1.289638234674467254e-01
1.156295258582685226e-01
1.042509248456926635e-01
1.274128367988136556e-01
1.390535881987111089e-01
1.379912322131723046e-01
1.312736105661201080e-01
1.199026876232649336e-01
1.367084930856650726e-01
8.819382071401379863e-02
1.252463360238707524e-01
1.331010005869245894e-01
1.385113873603174561e-01
1.119332692223156123e-01
1.242823224001055882e-01
1.003601530742538051e-01
1.226572893668588515e-01
1.382187656955162491e-01
9.700323305879633706e-02
9.991222132125876509e-02
1.291984265276926447e-01
8.834549872987891572e-02
9.149960831000235328e-02
1.058105285083311004e-01
8.085896722648888701e-02
1.292213638552127397e-01
1.412671771029977985e-01
1.205763216838277169e-01
1.206625049900045682e-01
9.113205492591951173e-02
1.429088295211560777e-01
