1.162066709396963327e-01
8.281958093362713769e-02
1.116809520378823656e-03
7.820159791957476125e-02
9.216412444056455711e-02
1.090330386845106830e-01
8.445856537150224497e-02
1.068680765758719120e-01
4.049579671989287505e-02
1.215859601444463645e-01
3.517420525567854089e-02
7.249249366648596871e-02
1.025938591093408792e-01
1.019287732574433725e-01
2.873138809068711413e-02
3.989171860156714988e-02
1.078318750805379450e-01
6.988578003472653219e-03
2.661548516916409715e-02
3.204724205960023803e-02
1.213929561310436028e-01
2.154583975497376472e-02
8.908131133844317262e-02
1.167635373419524808e-01
6.142595749448736403e-02
3.697507592992349545e-02
5.325798949089376177e-02
1.161420782045646388e-01
1.043792554750926360e-01
1.032832794207136223e-01
2.131074653359151319e-02
6.867581470223166340e-02
8.979591227759160799e-02
1.388439032777387568e-02
1.188029734669480281e-01
8.360299990968260431e-02
5.731546114250832963e-02
1.021845050434078694e-01
1.132931330507372658e-01
8.523913698613963530e-02
2.441039063759650740e-02
6.874009324363991591e-02
1.128592328401940847e-01
2.816032315664270674e-02
1.070758800234221375e-02
1.088840854634879479e-01
4.189879138721945562e-02
2.022054786317984895e-02
5.800760643234959685e-02
1.255384041591691979e-01
1.015827895379136370e-01
1.041932768400307407e-01
1.183955401326526186e-01
1.367625939935950517e-02
9.486100226347086994e-02
9.031199488148634880e-02
5.599026149838409738e-02
1.192123704381394256e-01
4.317023307660495385e-02
1.073256418791526806e-01
1.030342935999810500e-01
1.011975672406086602e-01
7.682126787675773449e-02
1.110251213748861404e-01
4.226690988622529982e-02
1.059843534726009340e-01
9.323129752577509477e-02
8.507764833837860863e-02
9.501542912202431967e-02
4.899355968782973664e-02
8.835355771457541196e-02
8.181960467042435903e-02
8.978197168735803368e-02
6.284798940218404295e-02
2.781611984989276753e-02
8.981998675726243775e-02
1.003171494041845829e-01
1.119754542364278793e-01
1.079945969947607165e-01
8.489490730296626875e-02
6.504341219032211407e-02
1.078931308868622541e-01
3.978689323660064558e-02
1.082385269768993130e-01
6.845782624804902516e-02
3.025111320893650313e-02
1.033622696939106300e-01
9.519798868593547236e-02
1.070590127795596480e-01
8.478173316669612714e-02
1.162094278899531430e-01
1.168193604345869885e-01
8.430068568350557179e-02
2.855791222652091094e-02
8.480827080301643617e-02
9.226941798906984626e-02
1.028742276294738744e-01
4.188948492129861666e-03
9.693257856751601176e-02
7.809765329781608034e-02
9.246952379719704240e-02
1.138913798651522008e-01
1.089763264235640294e-01
2.544680620163711215e-02
7.494032989155994390e-03
7.590090567668334939e-03
1.028514636940350419e-01
3.376203398943376094e-03
8.475080550967054038e-02
8.640798058231435874e-02
5.667255177182044940e-02
7.929359809850287932e-02
4.072917501358287035e-02
8.927449619268704173e-02
2.768410649394575235e-02
9.564536305487533752e-02
1.358783184735870390e-02
9.808804908124388322e-02
1.824540384467615572e-02
7.208279518246876738e-02
1.135139732057825757e-01
1.116313597638627919e-01
8.909690168584977199e-02
2.487666648677721790e-02
1.287451009871289909e-01
1.000209574620476577e-01
1.121248262731555229e-01
7.997751558020475826e-02
1.105835577943365677e-01
1.053785821786274030e-01
7.677076102557332977e-03
1.194166783057030862e-01
1.144856401104550753e-01
6.313406466413666596e-02
1.078600744288211732e-01
1.048355381611677101e-01
1.012951009724545604e-01
1.191877163723826932e-01
