2.187788318577117697e-02
1.331670040214448514e-01
1.125652907958142905e-03
1.329931845714796557e-01
5.476673584697763081e-02
1.310717004754785031e-01
4.727554140408652544e-02
1.442443589556914423e-02
1.892300817023779072e-02
1.070737296259854782e-01
1.178498040375485362e-01
9.710609688216707835e-03
1.693880697711824552e-03
1.295792976734078984e-02
7.918346874655606557e-04
9.207110326268608258e-02
1.243371483111006121e-01
1.038675173930070838e-03
6.218340859909006479e-02
7.925378851332220975e-02
5.304928611557288565e-02
1.155601761087378526e-01
9.328593375690129308e-02
1.012157663036406252e-01
1.223705766146881840e-01
9.576750335395052549e-02
1.308021312515747492e-01
1.186986547889786053e-01
1.194977858781206236e-02
9.547161588084535078e-02
1.474269366193129704e-01
1.576533524029777658e-02
9.993279440052198204e-02
1.397667869380765648e-01
6.276658428725987934e-03
4.157858805229342619e-02
1.149306148195296390e-01
1.443325270961543817e-02
1.253407339105618301e-01
1.477500750084804193e-01
3.612316342547224057e-03
9.468015534156073304e-04
9.659813507449289960e-02
4.018330971851826958e-03
1.664074889491095888e-01
2.421321116847159106e-04
6.296923116892268191e-02
7.052860166821364740e-02
1.992531377328946030e-02
1.105895894396452667e-01
1.299680198775004236e-01
1.107893167243010624e-01
6.864968428716736182e-02
7.104372732452399197e-02
1.140446392542724952e-01
2.620911245752454918e-02
1.412375834751819215e-01
1.391064683743284125e-01
1.241326699090612162e-01
1.370171057253506408e-01
5.981136137067141756e-02
1.644477981827514868e-01
1.272949719590132089e-01
1.071051284727190245e-01
1.173828037524895368e-01
1.296032839619777610e-02
1.431400058006348230e-01
1.404643645006302399e-01
1.395662545074131781e-02
4.130245794833138813e-03
7.430950105661145166e-02
1.010775790892087522e-01
9.385256397528915495e-02
1.907905216040868893e-03
8.678016119330690670e-02
8.562599162061790281e-02
9.456066020390356541e-02
8.686440783888756123e-02
1.205293552849994870e-01
6.187572266162587320e-02
1.494042930654990720e-01
1.122220609794724724e-04
8.441229145671241829e-02
1.157114971216329641e-01
1.156584988917600532e-01
1.131264973370696703e-01
1.222273646898324739e-01
5.647321923727131876e-02
9.958663527614328159e-02
6.691475129624770761e-06
1.427521524241830431e-01
3.799756146332421061e-03
1.320067883092639616e-01
1.137594708996074455e-01
1.504492639124047071e-01
2.026717275272701610e-02
6.852319398823422669e-02
1.067961176429487319e-01
8.701968772257755169e-03
7.361176498996147878e-03
5.605539493677338253e-02
5.275525297401964520e-02
1.385661589560619952e-02
1.129507821882958091e-01
1.047468974685603939e-02
1.325287692244071225e-01
6.319247045248538308e-02
3.537542613050866785e-02
1.519535185578806402e-01
1.466089359977783557e-01
1.082964055771922923e-01
6.719113032772925617e-19
6.379024275437415736e-02
4.439668656668719487e-02
8.890376347319493833e-02
8.888265657132165751e-03
5.660367443460345704e-02
2.260099086013802119e-02
5.366543983203539425e-02
