9.799549784553274190e-02
2.063042749249697008e-02
2.751823580314184323e-02
2.573738365219448501e-02
6.274470388336200743e-02
1.279330003139904750e-03
3.508872154127320314e-02
1.509931333185577512e-02
6.618419725789136641e-03
7.115035385009337021e-02
2.715773171738753174e-30
9.460416649885837470e-02
1.914326295450705928e-01
7.208442995352422301e-05
4.118863692278811744e-02
6.177365374572108686e-02
2.715773171738753174e-30
1.170166719369347547e-01
1.453314039360227745e-02
2.715773171738753174e-30
4.421782344884081332e-03
1.516458788048124248e-04
5.841053542157765818e-26
6.711983260069699642e-02
1.485276108364985692e-01
2.715773171738753174e-30
9.631585753200647138e-02
1.835911460823464181e-01
6.243983320707264606e-04
4.084471084989727691e-02
2.715773171738753174e-30
9.624166281381975330e-02
3.238391865339600509e-03
2.926833336037967803e-02
9.578105125719786617e-02
2.715773171738753174e-30
9.601426841993181138e-02
3.832481142672284572e-03
6.748280404946664646e-02
1.027093019315824807e-01
4.038731282721945426e-02
1.549619591112486039e-01
3.746733273567099450e-03
1.671594671332236534e-02
7.236439616229303762e-02
2.366275021659276247e-04
9.385030162409054022e-02
1.671572492142633370e-01
1.498510031164544893e-03
4.576044016855377455e-02
1.088284404885342671e-01
8.205228350549125899e-06
1.310127332650033727e-01
6.841457620125133109e-03
2.715773171738753174e-30
1.515406253608404460e-02
3.194549482194598139e-03
8.445464242657789444e-02
2.960171937695598408e-03
1.077657807483475977e-01
1.424963460635289003e-01
1.838383003531213200e-01
1.156066787536470519e-01
5.687009854068389610e-03
1.244182103304669190e-01
1.208459657601249626e-01
1.846934724694447028e-01
7.769077648004617254e-02
2.715773171738753174e-30
3.805387125496952072e-02
3.831013454206796259e-02
5.962114950680121039e-02
1.241486346071605101e-01
1.345538311285910948e-01
4.026653901070480907e-02
8.646630528801359239e-02
2.110733501138477020e-01
9.724611362532585568e-02
1.544809765065319369e-02
2.537787001173667789e-02
3.545426836719010183e-02
1.670378930568091058e-01
6.644918442459746277e-02
5.165751738620983496e-02
8.761639407106203148e-02
8.737689643965708408e-02
1.143495941359452817e-01
1.488869889874925856e-01
9.958988643898260273e-02
1.966936298735489919e-01
2.715773171738753174e-30
1.805550409511821192e-02
6.295472853701956917e-02
2.715773171738753174e-30
4.962924191421195369e-02
1.434030242330952727e-02
9.795865181771133690e-02
3.904029756128502698e-02
2.172385586480280462e-01
8.250443181054990111e-04
2.715773171738753174e-30
2.005905923783428135e-01
6.899275272269909942e-02
5.515027372396812816e-02
7.385137669333498300e-02
3.342718833562750846e-02
2.367352628931842368e-02
1.398954753796994577e-01
5.841053542157765818e-26
1.572089067331077818e-03
4.625933953119819309e-02
1.553069036221163546e-01
5.891998488007981968e-04
2.715773171738753174e-30
1.482021373095961103e-01
5.028183835509877908e-02
5.776173078980320445e-03
4.921919200486598450e-02
1.325894940615686413e-01
1.248177527948925725e-01
7.862510619774237819e-02
9.084878229181443665e-02
2.715773171738753174e-30
1.393503219327659193e-01
1.843576872894871384e-03
3.922068892237291771e-03
3.905107484817389729e-02
1.461449570195154368e-01
1.281098839977189430e-01
5.853933829328868133e-02
