1.641522153597878841e-01
1.517655823459144737e-01
1.435623824899446566e-01
1.555929709552094364e-01
1.549923756988877133e-01
1.504171259328559440e-01
1.409154381436253656e-01
1.371266598024654393e-01
1.570731800728767669e-01
1.348822682115852212e-01
1.607792249933496231e-01
1.518557023687674423e-01
1.530402225885601486e-01
1.335634276900615203e-01
1.457911920385537574e-01
1.576771142519657887e-01
1.172694435041827660e-01
1.338082187537228129e-01
1.200266997291164484e-01
1.498251925975838117e-01
1.357182164755290354e-01
1.342054034690758069e-01
1.357380568927099018e-01
9.660815929632013410e-02
1.171178757771580564e-01
1.155965549267973236e-01
1.458622433060405843e-01
1.577684721033661419e-01
1.339998173225593336e-01
1.354372123532215921e-01
1.249907720632012637e-01
1.313375771658805147e-01
1.229898331004390805e-01
8.778957608086215836e-02
1.411229901273538812e-01
1.182802315271492266e-01
1.459161645427083931e-01
1.119129597158308176e-01
1.337285901258683241e-01
1.323741675429342679e-01
1.226177697838237018e-01
9.518174707830347192e-02
1.030654775813621832e-01
1.349054967885015555e-01
1.094839692246362822e-01
1.042747603601881234e-01
1.327293326015645536e-01
1.244394437192701958e-01
1.036733955354853243e-01
9.445502094345585575e-02
1.317175637559419854e-01
4.654544755743018902e-02
1.225318831109388912e-01
8.531098024052324869e-02
1.002755440037586127e-01
1.343287768254924630e-01
1.043399912168650190e-01
1.118128223102030083e-01
1.060126065464872536e-01
8.110513370841433700e-02
