1.196817722675862367e-01
1.270832545960732807e-01
1.195355469875294951e-01
1.254462844872496485e-01
6.276232267772906270e-02
7.737637457544831177e-02
1.190366719915052912e-01
1.182799771155387258e-01
7.279994003208407893e-02
7.829989112038601706e-02
9.413620980958138651e-02
9.782641561106936168e-02
1.046118873119463721e-01
1.027254179557772623e-01
9.189865223180013198e-02
9.555031833257698892e-02
1.052082832114490385e-01
1.034811858519740224e-01
1.246223288477856378e-01
1.178697980244376442e-01
4.055548879139066892e-02
4.725104298975960071e-02
1.185657607991389695e-01
1.068793602959683536e-01
8.531202462125504760e-02
8.281695597262873909e-02
5.357846251957971984e-02
5.479098286547925967e-02
1.011870787708928771e-01
1.107515471611359992e-01
1.071669947817215501e-01
1.021474881941475676e-01
1.244544195843003548e-01
1.263596759595409791e-01
8.199824729674594359e-02
6.358520988879991231e-02
7.038531724893011543e-02
8.486814927940851405e-02
6.451060366794632295e-02
6.669270003221398901e-02
4.067302635206716810e-02
6.364960801980903971e-02
1.147684340215195525e-01
1.095748931171190710e-01
1.170415421136249551e-01
1.238175294142456889e-01
1.103904772295349196e-01
1.077508164720759887e-01
1.151974224630544774e-01
1.245214003522831375e-01
1.113163472228542727e-01
1.206090977787403068e-01
9.798718640420259196e-02
1.035918805752921584e-01
1.095279717840078049e-01
9.754115081712952384e-02
1.153103502519619294e-01
1.251625310759889032e-01
1.203443507122288758e-01
1.260782197367041890e-01
1.116090180605253113e-01
1.152698567916481537e-01
9.753244629979666847e-02
1.082987587839508298e-01
9.933969050783571231e-02
1.059763164602337965e-01
1.255667939920532272e-01
1.231979930399178941e-01
1.027759634353797857e-01
1.099161712456353246e-01
8.947657341162754130e-02
8.675176559835802437e-02
7.398517362004282394e-02
7.935728188894156099e-02
3.238184398815338594e-02
4.237037393163885224e-02
6.868159374784517379e-02
6.892863317621890362e-02
8.068730979227939359e-02
9.987413597306904478e-02
9.896087153112696766e-02
1.137963981622395621e-01
9.435121673377622198e-02
8.621289035488562125e-02
1.140383553278741108e-01
1.141815576912750679e-01
6.748557650334743863e-02
6.041774275686283974e-02
1.038479403174985272e-01
1.031263154886714883e-01
7.952431971126663890e-02
7.851780706332144033e-02
6.580812923831515227e-02
5.485492294480989045e-02
4.917970051041287149e-02
5.175952916779129331e-02
7.602946362652980572e-02
8.582874997340809997e-02
8.856552494668624986e-02
9.758232021551088708e-02
6.866119807465370650e-02
5.381750794714290631e-02
8.879473208018576202e-02
7.469308732142729279e-02
7.319933921957320899e-02
6.246248675978999243e-02
4.117611781302407681e-02
3.244672203036524927e-02
1.676644841061126698e-02
6.435246856957109463e-02
7.452002324284380530e-02
6.985351464816146050e-02
5.286743769195535736e-02
5.336187717231268002e-02
4.703063510090556287e-02
1.191637593049588335e-02
