1.185294537357263478e-01
1.258476121198934816e-01
1.187453816092111092e-01
1.242965112466242333e-01
6.553359073030465276e-02
7.958270152747459747e-02
1.179409205643549424e-01
1.172077425924733102e-01
7.408793699797958099e-02
7.945954006091492106e-02
9.417968113800154195e-02
9.712103233862171003e-02
1.039464592055774350e-01
1.021396844610490268e-01
9.161672722297940774e-02
9.526230063156224115e-02
1.047189236803727774e-01
1.030807159947250556e-01
1.233710495472796626e-01
1.167813353586032304e-01
4.345442988085071456e-02
5.072704325616141791e-02
1.177552162507365524e-01
1.066595483029174618e-01
8.578090745131070061e-02
8.341415224129132555e-02
5.614517488052590821e-02
5.809188139753550251e-02
1.007051667304013076e-01
1.100223344569212364e-01
1.068764935185513854e-01
1.015219977361066922e-01
1.232715572204716586e-01
1.251354991796995442e-01
8.191942713030299361e-02
6.508540082805089333e-02
7.076753948823664986e-02
8.468367117972241953e-02
6.506793562602722347e-02
6.715968202764749373e-02
4.620918115949676497e-02
6.586297696229000131e-02
1.137839384054145780e-01
1.086138089598719519e-01
1.159589237976681314e-01
1.225308686540182435e-01
1.096206740344660147e-01
1.076193200075042516e-01
1.142310679449299871e-01
1.232671911889678534e-01
1.105919865800360502e-01
1.194702395325153849e-01
9.849396435893420509e-02
1.030536621521854906e-01
1.086586629099983992e-01
9.718043041695929862e-02
1.145373304286805421e-01
1.240175318648476660e-01
1.192526571636075144e-01
1.247947112727842006e-01
1.111339201870196192e-01
1.142717364491896564e-01
9.744465608753770380e-02
1.072360012771153837e-01
9.869396924172395280e-02
1.051427948582549232e-01
1.244602738898623606e-01
1.220786382534171932e-01
1.022779927869131300e-01
1.089656667466882695e-01
8.900820934346283242e-02
8.685156121625202397e-02
7.430028057695568788e-02
7.924440545871214159e-02
3.865657151114514078e-02
4.904859640467172655e-02
6.874696377728556351e-02
6.930423081989234291e-02
8.110799437324552053e-02
9.889380574227651932e-02
9.870077743582410246e-02
1.126156504219837651e-01
9.421221275251137617e-02
8.647120787100015527e-02
1.131394524155971276e-01
1.132062801175477834e-01
6.834167270373364689e-02
6.310034336705187819e-02
1.030149580913818780e-01
1.024559842382752883e-01
7.988790799908924989e-02
7.915338189012012526e-02
6.811309020376704604e-02
5.807728817584969366e-02
5.047488029018475791e-02
5.343437664253472552e-02
7.611039383002762837e-02
8.571187624577863984e-02
8.875676962458725616e-02
9.782565355821307151e-02
7.032387871709602778e-02
5.647799173151785840e-02
8.864827483628921756e-02
7.516001260756133284e-02
7.376539185188170367e-02
6.401987499598867093e-02
4.603114141657738828e-02
3.986226308344033992e-02
3.191616124859695397e-02
6.470899471226226884e-02
7.482108270628595736e-02
7.084793002065457868e-02
5.573714634953177288e-02
5.585283408523832732e-02
4.962999321774422268e-02
2.645784921528264444e-02
