1.318818006956482825e-01
2.978032687378831533e-02
1.347544962372919375e-02
6.787522851413720082e-02
1.020046813919921191e-01
5.230948407151722948e-03
6.977207330700962995e-02
1.311333257853245504e-01
2.605568679178369308e-03
1.122483005408651258e-01
1.261888802601357495e-01
1.631544401157534463e-01
1.277627035373442854e-01
1.068121087620098678e-02
1.523793468520784344e-01
4.594572925455753243e-02
5.088803547960136717e-03
7.397812257576087680e-02
1.309971344710542974e-02
4.965306262007040256e-02
7.300664744984408649e-02
1.328830021982486398e-01
1.922360317724632409e-02
5.424953814084625126e-02
3.739019232748330701e-02
2.562838723251765344e-02
1.649942367906627183e-01
9.027798063207943813e-02
1.292255499581304590e-01
1.147986168207737814e-03
1.203852932196667475e-02
8.788006871394109243e-02
1.297467858281262654e-01
1.400411203530428639e-01
1.009723671426503294e-01
6.991025856975512098e-02
8.748046323824044956e-02
1.747682611601700520e-01
1.264823089555888458e-01
5.979272887483469412e-02
8.702776346081601486e-03
1.111046710751677213e-01
1.140046057148146469e-01
1.580007971635920272e-01
1.042542665283150982e-01
6.855923792852371135e-02
1.383230090077401664e-01
7.789677933664944896e-03
1.353708891333347264e-01
5.472554521596999233e-02
1.211808509152605684e-01
9.888491728768084021e-02
3.285498921909692921e-02
6.194909205239913091e-02
1.487155168513083769e-01
1.118273190484815466e-01
1.239439262516089935e-01
9.372212626752378720e-03
9.314729194003713852e-02
1.604601389326380245e-01
1.186010921806722462e-01
1.331729958645928857e-01
1.003099659711167851e-01
8.048586785962236201e-02
1.254486216916183561e-01
1.244801821871917152e-01
8.925918876433675334e-03
1.478094252196853198e-01
1.107925748115224096e-01
1.392293330394665241e-01
1.249488644454085362e-01
6.329983070757680928e-04
1.331901257475668066e-01
3.039611600188543011e-02
1.613630723934573741e-01
1.284258550781905150e-01
9.574765140708174638e-02
1.560720003001740130e-01
1.110403616230963564e-01
8.600446707358494480e-02
1.582022638452685870e-01
2.530335795853141945e-02
6.421586815582024620e-03
4.678406110268035559e-03
9.366682910805923523e-02
1.638765011873306865e-01
3.576773012179403077e-02
1.505802157448286882e-01
3.164789165016017227e-03
8.974523170262897753e-02
1.068578182668722953e-01
1.024660094281600736e-01
9.644264337986759028e-02
1.439818553328584272e-01
1.023617073500756453e-02
3.453357595102742039e-02
2.261604349380538087e-02
1.053017511787790461e-01
