1.855640858115831515e-01
2.011086456200162631e-01
2.015532667809381562e-01
1.919224977719166669e-01
2.025494328498729235e-01
1.775151633889849312e-01
1.997152868031091544e-01
2.011417322732429458e-01
1.723250009846286346e-01
2.100540124619769411e-01
1.068235128436111625e-01
1.768590174631568535e-01
1.455762869654088631e-01
1.793781187205693850e-01
1.986876852085359690e-01
2.140110715567290489e-01
1.601675229394579070e-01
1.888117194213679295e-01
2.007167926433137406e-01
1.832510030839542281e-01
1.272831572879820072e-01
1.641803269905198759e-01
1.341118775944326880e-01
1.905280880886218720e-01
1.177483337625655768e-01
2.094829389772364658e-01
1.978037103821785880e-01
1.789605554803935239e-01
1.927104831890162073e-01
2.024170668644729165e-01
