7.442540592771569596e-02
1.049389394983039070e-01
5.945358690086356007e-02
1.076433908410382445e-01
8.536061410836640051e-02
1.049547515901057687e-01
8.683053408793678374e-02
7.280523509047967523e-02
6.580830755708894086e-02
1.002332562129741311e-01
1.057389308924334970e-01
7.873772171152876309e-02
4.428456396394700456e-02
6.300716902037580003e-02
6.171563583938369929e-02
9.597979711133812486e-02
1.062664679658680417e-01
6.477838095363140647e-02
9.591680013258395421e-02
9.324761304075575297e-02
8.788750302909478784e-02
1.070500794818873280e-01
1.008947106503884639e-01
9.711847961213675162e-02
1.035988782806592789e-01
1.004311150013482978e-01
1.013430934719185550e-01
9.919199497709563218e-02
7.499927092606477330e-02
9.915637645634534092e-02
1.084164793093845280e-01
7.799946020371008315e-02
9.853919574320665897e-02
1.115349296053601696e-01
6.298520356958414723e-02
8.229956255705624113e-02
1.030931054726681034e-01
7.060412491277466562e-02
1.043004811783457136e-01
1.099093269976829240e-01
6.233219358703735030e-02
6.852369429954273394e-02
9.915352070099801851e-02
6.453645207237183878e-02
1.170228339709127457e-01
6.524780705648035306e-02
9.149216172262127078e-02
8.856342672056342902e-02
7.346828277420239250e-02
1.005871551275271669e-01
1.052137024352714639e-01
1.033445092068114440e-01
8.823171504170394808e-02
9.019437309574862560e-02
9.983030461588501825e-02
7.637910444537088228e-02
1.088236869565631648e-01
1.072756937204870781e-01
1.088568994766628967e-01
1.079017241710882868e-01
8.436703732656723742e-02
1.141936665654516014e-01
1.051741971850536222e-01
1.001668900305771187e-01
1.098501728980632169e-01
6.344908582275950171e-02
1.098022284537824023e-01
1.100791515380775826e-01
6.493904390279395256e-02
7.558381742090621025e-02
9.459620371853184884e-02
9.525874315867578768e-02
1.021614946959906595e-01
6.340790223467100695e-02
9.561751732837742157e-02
9.558074881333450401e-02
9.507641723410704959e-02
9.544215863907920538e-02
1.089002762189241191e-01
8.959057333380170129e-02
1.120504040425445158e-01
4.427164586126203227e-02
9.845426991280312179e-02
1.020759197690766645e-01
1.029919362015202650e-01
9.867734716952775154e-02
1.037396083679617970e-01
8.522350654581023477e-02
1.040427621054790530e-01
5.646126963669943766e-02
1.102034984235721882e-01
5.404264173452357628e-02
1.043007791056298067e-01
1.022117790696262102e-01
1.110971002463227997e-01
6.881893897921480263e-02
9.466537974754035689e-02
9.836958889338699719e-02
7.389202921789371492e-02
7.041547508453072091e-02
8.287319647660770783e-02
8.776726086224198586e-02
7.039093098116171177e-02
9.952064890238142281e-02
6.227020300469381098e-02
1.061025155125928654e-01
8.738536873244862058e-02
7.864965082643335381e-02
1.121141025926703505e-01
1.112468473484642811e-01
9.724077411303097551e-02
4.907406874443297901e-02
9.142423041356662061e-02
8.386284704070640084e-02
9.859293253729119189e-02
6.861446725819321524e-02
8.814573632378434886e-02
7.339738928072335467e-02
8.991605689569916182e-02
