1.103567742240628008e-01
7.704589925525331950e-02
6.731727926945911544e-02
9.572259042677937202e-02
1.060359625611118906e-01
6.627021016523958197e-02
9.407175064315902169e-02
1.123432108687044406e-01
7.313682595346787663e-02
1.079242790359124932e-01
1.138364582897130051e-01
1.212368263925877043e-01
1.116483009588215281e-01
7.515805317594170809e-02
1.189227042668774964e-01
8.942712212315713505e-02
6.354496858100995571e-02
9.670257724687789103e-02
7.280848928517447138e-02
9.260470338158126313e-02
9.476315850625045833e-02
1.137218360143598533e-01
7.788004943349770282e-02
9.626125724604626954e-02
7.947446539542492305e-02
8.284150659731914779e-02
1.213476089952266052e-01
1.021747088129080772e-01
1.139213841274075295e-01
6.110970766169258883e-02
7.932102705028357126e-02
1.065853751293882185e-01
1.111689051677450246e-01
1.159839460074186257e-01
1.031833712465860670e-01
1.014452318878607123e-01
1.037768185437821788e-01
1.257371838397750019e-01
1.123875764548914052e-01
9.775085561421212321e-02
7.604277987764448965e-02
1.097392948369212695e-01
1.129475928182867850e-01
1.204315756718498387e-01
1.035376212017002084e-01
9.630614336192012959e-02
1.137878282890132792e-01
8.515311742359257807e-02
1.133406767607358090e-01
9.272994156954850187e-02
1.073487738108658551e-01
1.020093131886258275e-01
8.306483348415037715e-02
9.467573725124675543e-02
1.170678659756732715e-01
1.060517498290843713e-01
1.172198837486901485e-01
8.129059435570500092e-02
1.043118916811648644e-01
1.219108156867361320e-01
1.153521426855231985e-01
1.104489130694561727e-01
1.042783604950442422e-01
9.782406298480320062e-02
1.113390483502117861e-01
1.136157861747296993e-01
7.206647743103680726e-02
1.198557262348960845e-01
1.050172350742415023e-01
1.141574914889318393e-01
1.112252077436305109e-01
6.250180917251338397e-02
1.185862178653655924e-01
8.591735132071166847e-02
1.218039528387850901e-01
1.101082421688022311e-01
1.049944544595967505e-01
1.225776338983038394e-01
1.031800150813008271e-01
1.000403516983879998e-01
1.218596732467113891e-01
8.111475113503453793e-02
5.976321752503899881e-02
6.200310488690414373e-02
1.051377179042958521e-01
1.225851304689301452e-01
8.767505759617093275e-02
1.202356442686570298e-01
6.532376343077705982e-02
1.063853849029757076e-01
1.062847590880858784e-01
1.013812551701163966e-01
1.063115449684852581e-01
1.141106683932095744e-01
7.646505258745188438e-02
8.693383016787628592e-02
8.915462770216772692e-02
1.082513136196668890e-01
