1.560322031410160959e-01
8.776621493096715965e-02
1.449418493667333496e-01
1.703018650852403115e-01
1.513015631512652226e-01
1.394428753371252661e-01
1.820932844569451980e-01
1.356447479552835844e-01
1.602277977582303448e-01
1.772746991888384527e-01
1.340099841234937139e-01
1.769572589194044754e-01
1.665981642107993710e-01
7.905254563023544900e-02
1.695371776518412865e-01
1.488572119517774239e-01
1.822644141133102358e-01
1.851034595086729073e-01
1.373586235689789048e-01
1.378417633075695037e-01
1.766336624151566836e-01
1.696881740142830164e-01
1.799784820475444636e-01
1.785382674822210136e-01
1.902844910317534610e-01
1.936470171675317431e-01
1.336814213818966757e-01
1.749532967276803130e-01
1.757885326553558225e-01
1.592590237678072895e-01
1.580698359749761195e-01
1.322891372537406962e-01
1.660055207251741605e-01
1.590078859375747555e-01
1.197273971054245573e-01
1.083566969420456105e-01
1.749823259054193447e-01
1.784796425536115394e-01
1.103272541381530997e-01
1.692763154212443832e-01
