1.100907515140447102e-01
1.474229467015498451e-01
1.287801130579061815e-01
1.292664955475845423e-01
1.383954847625885332e-01
1.499833957559345843e-01
1.517705770606475324e-01
1.089645230146719240e-01
9.827012420104240531e-02
1.285187068438183311e-01
8.168715776581100818e-02
1.295399994453257375e-01
1.018057019273004432e-01
1.522970435097039110e-01
1.401408475522646635e-01
1.366880371334579514e-01
1.126102001197598623e-01
1.391418483769043257e-01
1.045656921064497258e-01
1.182583845723814558e-01
1.397258858469440090e-01
1.421988165888445066e-01
1.457262808584284530e-01
1.193255093506088022e-01
1.312113957051755375e-01
1.437635878973390346e-01
9.748268017540412389e-02
1.268160445532689196e-01
1.358430516114732534e-01
1.068924790844008599e-01
1.414317685438793437e-01
1.452961149695978227e-01
1.376673344936855392e-01
1.306288991417281220e-01
1.091083043838105004e-01
9.322442239839642819e-02
1.247292097876700201e-01
1.386025493785988938e-01
1.437670859146396030e-01
1.260315290548278122e-01
1.313310521037555634e-01
1.373303211797926027e-01
1.302513255016315430e-01
1.408827461451271912e-01
1.552286212039865887e-01
1.274702204830334140e-01
1.224214241287513438e-01
1.318366441558888047e-01
1.300844834251476123e-01
1.328098241470873353e-01
1.391240240211272794e-01
1.043742957668507138e-01
1.386291402666130768e-01
1.112202110477111261e-01
1.132543030903552100e-01
1.420875610169167469e-01
1.429522378299568075e-01
1.510595572407120446e-01
8.856088820168109277e-02
1.186113004814747796e-01
