4.455202520509757291e-02
1.179885304120101008e-01
1.208923242480743759e-02
1.202788987818523975e-01
7.027958535804786078e-02
1.150499022560437790e-01
7.938696396826487589e-02
4.056856036180701841e-02
4.218455993924318664e-02
1.089774152369694799e-01
1.091220336084632730e-01
5.931911012437116743e-02
9.776794489204520752e-03
2.793677939398013163e-02
1.069905153058598249e-02
1.018038448126858536e-01
1.190837360239480891e-01
1.911090226947877516e-02
1.019858600848723706e-01
9.215426154157055350e-02
8.274628827768223949e-02
1.165815966182135316e-01
1.059801765932415762e-01
9.946151718991691482e-02
1.109108256055734709e-01
1.076513801818428651e-01
1.122325648808396997e-01
1.000791130112835547e-01
4.463102615945884616e-02
9.980412687624967694e-02
1.227412612873022141e-01
5.647922612722229563e-02
1.031476646010646564e-01
1.263440743750530726e-01
2.248342762570345460e-02
6.919389173961053296e-02
1.110198300095720514e-01
4.443574551504306247e-02
1.161872136878288886e-01
1.245185201627121152e-01
2.112108876339296656e-02
3.485772122629439418e-02
1.081237113623852303e-01
2.559558020310102183e-02
1.340528562203620877e-01
1.418956667830126826e-02
9.050080065935826867e-02
8.096503714711253408e-02
4.726271793760997847e-02
1.102711141771265529e-01
1.138796519561433435e-01
1.126502369183386143e-01
8.763302783729630396e-02
9.147287365339315524e-02
1.044886687835771127e-01
5.588110677278396859e-02
1.221484294676839222e-01
1.209344887555771353e-01
1.191522842406158716e-01
1.203626367676442349e-01
8.189297034632407601e-02
1.310367823708339652e-01
1.129872363561581633e-01
1.080068546123042900e-01
1.219830898362424670e-01
2.993027071434429739e-02
1.232021195727806828e-01
1.231844928681335022e-01
2.666705034242349698e-02
4.835195699332110741e-02
8.962488290592886264e-02
1.003738945511108566e-01
1.100769335265145976e-01
1.715312989695695622e-02
9.965339858620671232e-02
9.721142795975690198e-02
1.044837099332099201e-01
9.818295118881319172e-02
1.202750268536602468e-01
8.563748307073180965e-02
1.263273307727885708e-01
6.872802157943357082e-03
1.041912959584640891e-01
1.098495311900282712e-01
1.119653729919255630e-01
1.085036353827073946e-01
1.154664080504123197e-01
7.882918841853159275e-02
1.122852119138581239e-01
8.966519016260859898e-03
1.236651830456960144e-01
1.393937296025279070e-02
1.165534292251591969e-01
1.054194843827861855e-01
1.263025450712915443e-01
4.058327566121540386e-02
8.811339074270101157e-02
1.025983792584094917e-01
5.076147182817378201e-02
3.813913059077859297e-02
7.521203735893888798e-02
7.591199758036973333e-02
3.736308723139993015e-02
1.051528353069861449e-01
2.856110828375512181e-02
1.159363082068554790e-01
8.479666667216299858e-02
6.496814733353718785e-02
1.280985436689579260e-01
1.259440777671945177e-01
9.913205999118161749e-02
2.185089904199541931e-03
9.366521443961065008e-02
7.059999307027084448e-02
1.024841754410157346e-01
4.538713247774592285e-02
8.253929139977929375e-02
4.574009177153767064e-02
9.232059683765661551e-02
