5.719033276484997153e-02
1.791783315373935703e-01
1.166685894007880864e-01
1.315016441685744886e-01
1.582144904160274479e-01
1.809656438633066577e-01
1.814979625550862952e-01
6.947866587342259315e-02
2.077729123277715154e-02
1.155318770497956588e-01
6.039414764343637755e-03
1.192662490984138096e-01
4.235480111414562099e-02
1.817182745119868270e-01
1.601401323525996345e-01
1.425151052350866476e-01
7.138736337979949276e-02
1.527161301375794811e-01
5.145057777049233394e-02
9.654366550705283101e-02
1.619961464774985482e-01
1.625657203043539278e-01
1.723549283121634801e-01
8.706762677300186604e-02
1.215988149006185515e-01
1.676350810141238046e-01
1.671669184474475212e-02
1.280425317053576761e-01
1.365387359654227084e-01
5.131968629746477828e-02
1.496390771768136285e-01
1.752080242532182142e-01
1.522543547263601194e-01
1.295604885008721785e-01
5.596729477206619646e-02
2.441474387378338509e-02
1.170016168811702645e-01
1.472373990196469418e-01
1.578983102622846246e-01
1.152081184437081518e-01
1.237246734131952353e-01
1.470134934316340847e-01
1.253412270963201458e-01
1.628877693389662873e-01
1.921512992016100874e-01
1.313427310213722277e-01
1.037934476904464470e-01
1.325385395212303474e-01
1.376504797722874207e-01
1.318028268665599467e-01
1.606293589183905579e-01
4.027283347854334478e-02
1.492799713732235467e-01
5.433036350172504303e-02
6.498089124403157169e-02
1.486709671416757139e-01
1.618867574614116234e-01
1.838947865102897039e-01
2.793920457546489669e-02
1.001627224723132537e-01
