2.328236276271538618e-01
2.292918266171231068e-01
2.486779852642957422e-01
2.133295817042002718e-01
2.371073904871602300e-01
2.561172519061046815e-01
2.108353646107832824e-01
2.468162951226078039e-01
1.946092524464144435e-01
1.807969033419016269e-01
2.234026870321999814e-01
2.193040296088074326e-01
2.432240786634859431e-01
2.548091677387494536e-01
1.867932153475849177e-01
2.388818689099835857e-01
2.044601659953672046e-01
2.208485082574287162e-01
2.455718346358182758e-01
1.522944667677733066e-01
