1.498279820025099629e-01
1.733167831595394670e-01
1.294630508222800180e-01
1.546086110613003606e-01
1.370815161887396424e-02
4.317520914229246859e-02
1.331531694624253359e-01
1.267042767459609920e-01
1.881331181604753780e-02
3.999653302754606343e-02
7.725046991899625626e-02
8.277014211472652483e-02
1.009568983119261548e-01
9.110082323126034165e-02
3.983610510158538259e-02
8.105316384394098406e-02
1.138813056733232049e-01
1.147193826477707068e-01
1.680289967694677533e-01
1.529263316104314541e-01
1.218880774410328980e-04
8.219703228643824439e-03
1.326385693214955919e-01
1.036157281254246748e-01
4.610441920261509896e-02
3.565926674856245010e-02
6.676016979895728690e-03
1.356176836085375842e-02
9.081174806628521112e-02
1.308360365044539397e-01
1.016416050877845534e-01
8.255999866856034153e-02
1.655272864306162606e-01
1.691666443569217471e-01
2.841143996981518316e-02
1.303437734731136173e-02
2.130204405338793471e-03
3.196376082859005152e-02
2.321313349065001058e-03
1.022474101457378909e-02
1.105085547247935127e-03
9.137162389226089615e-03
1.329580894275330105e-01
1.218555631281690449e-01
1.447648869692541862e-01
1.597784402159698469e-01
1.255036920592898786e-01
1.229262468438972189e-01
1.474631660876556116e-01
1.622101376454390953e-01
1.239343142782610291e-01
1.485437367109005702e-01
8.869646002071460145e-02
1.031648968641891151e-01
1.166994015906527710e-01
9.615845188380199582e-02
1.427089670247400910e-01
1.713907824153721171e-01
1.553024725289958996e-01
1.713322834771015546e-01
1.290160009321200951e-01
1.425402642909935624e-01
9.890464838103187051e-02
1.262818194630960511e-01
9.274222133587847750e-02
1.067525319328052752e-01
1.609191546861133415e-01
1.551842241903116926e-01
1.079415160717747818e-01
1.300797850196368788e-01
4.222797766745555598e-02
4.080466102354152885e-02
1.476653884349345830e-02
3.558731698257145554e-02
5.108831496917497348e-17
6.125857297495508440e-04
5.108831496917497348e-17
5.108831496917497348e-17
3.027870571347995171e-02
1.016515573521728361e-01
9.820580278751045444e-02
1.365893383000927330e-01
6.367189997032066118e-02
6.419310351273406490e-02
1.273194930990003138e-01
1.310873652674877377e-01
1.430910402213566961e-02
2.207863221777175283e-02
9.345085038161933533e-02
1.072780652165060411e-01
2.120231383799459773e-02
1.819962898975574159e-02
1.000402485993966487e-02
6.450517930801168143e-03
5.626736900829171857e-05
1.639905263715189159e-04
3.022143377667089147e-03
9.307941879104754401e-03
3.302963054179598040e-02
8.114028745724702341e-02
6.840644986151126795e-03
9.174268800231449861e-03
3.407765638439111400e-02
2.749477265806014523e-02
7.612502326433088183e-03
3.039013551204229092e-03
5.108831496917497348e-17
5.108831496917497348e-17
5.108831496917497348e-17
2.200257803060887000e-04
9.452498464984832038e-03
3.124536826245384417e-03
3.652063952552154873e-03
7.187532051110893895e-04
1.301666631615119075e-05
5.108831496917497348e-17
