1.029678635330116415e-01
8.315831599167201882e-02
3.760185083859481775e-02
8.569845957343041887e-02
9.035598058778188113e-02
9.687879332882985695e-02
8.878168785840985511e-02
9.890887646785521958e-02
6.670121628713439332e-02
1.059944138464265773e-01
6.603751968476279099e-02
8.038544068142929044e-02
9.795760347735249507e-02
9.251852446192422585e-02
5.350276496472049920e-02
6.989825194507098827e-02
9.884300778127295961e-02
5.242192471576408164e-02
6.179077893023512263e-02
5.674463557607752756e-02
1.052346313836337588e-01
5.720231107625270428e-02
8.733144330296709057e-02
1.033240255258442014e-01
7.810371639564800406e-02
6.632215331639063072e-02
7.196929106060157011e-02
1.014397057514251355e-01
9.557383978586558859e-02
9.253033330005802637e-02
5.732717066552263374e-02
7.749598873522238474e-02
9.049270884214188904e-02
5.914756868033280157e-02
1.048808989932571850e-01
8.562821566033897158e-02
7.610757614058956400e-02
9.618003834029265064e-02
1.015202672077258617e-01
8.783160311769927509e-02
6.091868517728699778e-02
8.044489046991103176e-02
1.003411466200733598e-01
6.367130683923447054e-02
5.079239878822022075e-02
9.767900137458319920e-02
7.044217544569554568e-02
5.385155287320494283e-02
7.794840446369732945e-02
1.080385726932617113e-01
9.408819556881406476e-02
9.574599174248103750e-02
1.052239018560130746e-01
4.576011483444826500e-02
9.101099712433582956e-02
8.860649730731202933e-02
7.259470245801559474e-02
1.044188675679595807e-01
6.728664829531000313e-02
9.985842026505037383e-02
9.617990199199971668e-02
9.619785476530014201e-02
8.315116852760243149e-02
1.007080252081911792e-01
6.845420652875054690e-02
9.582557640544597799e-02
9.013164552927237227e-02
8.380961391142356665e-02
9.270658253236406521e-02
6.681880500573454673e-02
8.743438574525352891e-02
8.726180767389134230e-02
8.782584395033378455e-02
7.780732795603435836e-02
5.816813542582091601e-02
9.068865796664064838e-02
9.344980115694093148e-02
1.002266386877987969e-01
9.801223594298745512e-02
8.536446625488686157e-02
7.615566160111764127e-02
9.731494013621788675e-02
6.830873551017857537e-02
9.767534450320271289e-02
7.979027815807417101e-02
6.101635653033837120e-02
9.998331341623453716e-02
9.249055093842278863e-02
9.899852692694907641e-02
8.714078574845329772e-02
1.033663420990331983e-01
1.028466213364548909e-01
8.409239349583209899e-02
6.189426384058490521e-02
8.788907479100657727e-02
8.998997013614885854e-02
9.158644737402474312e-02
4.785862205131455327e-02
8.798572284911583552e-02
7.974389793438843577e-02
8.828171131622243595e-02
1.027202367047840986e-01
9.667936989419612104e-02
5.569038574268664332e-02
5.853679663330210725e-02
3.639585462552902273e-02
9.639067260895808897e-02
3.713385714981544405e-02
8.616925406956074673e-02
8.556355449210435726e-02
7.101767857274644824e-02
8.405530069862836295e-02
6.866741985723581743e-02
8.817826944585283044e-02
5.637315731563408844e-02
9.321704693705412659e-02
5.415488277827100461e-02
9.295407573655181666e-02
5.165127679180747666e-02
8.282753917052969317e-02
9.873814221772952981e-02
9.941619695143924518e-02
8.912570502676925299e-02
5.586598496161666177e-02
1.107965155653905659e-01
9.206562348675909058e-02
9.973983179537820876e-02
8.733684866319439688e-02
9.896784001413456988e-02
9.614331917256425941e-02
5.794613048012028228e-02
1.038750137244315863e-01
1.020413933219355279e-01
7.562561487466723520e-02
9.812498977268672984e-02
9.616476702329715409e-02
9.476828824276237184e-02
1.042869805119812365e-01
