8.588881601465997440e-02
2.243784387442182837e-01
1.604435221771792763e-01
1.394252606817280027e-01
1.733669823117252318e-01
1.774474494807882774e-01
2.215623046528225892e-01
2.112039104467942630e-01
6.158317235529454405e-03
1.509447591767151542e-01
2.064555417912201374e-01
1.813375796086634517e-01
1.620784152776285347e-01
1.462868752084876267e-01
1.659613313495936493e-01
1.378153693379874645e-01
2.615927913962712292e-02
1.761909482793666826e-01
5.677242613953787514e-02
1.152634096401472796e-01
5.030042957163984724e-02
1.317535805949583971e-01
2.237354621685127276e-01
1.214107899546815368e-02
2.048831938572808764e-01
3.317767741628293990e-15
1.735487860210380984e-01
1.294483250755819048e-01
1.382479955814257810e-01
1.408397517461317527e-01
1.264999621070751479e-01
2.189751580859485569e-01
4.516373783149386922e-02
1.589341415777530825e-02
1.623583840538783685e-01
1.378673371730617381e-01
1.947857425760535777e-01
2.808030838302834689e-02
1.385466063956682092e-01
1.350169695130822856e-01
1.957556001430556247e-01
1.620682592896294516e-01
2.960630291356098481e-02
1.233711139084149311e-01
2.712537302901639469e-02
4.883864433378840020e-02
1.360375485692071063e-01
1.113557913956595286e-01
1.969091383470692250e-02
1.796794865325690785e-02
