1.190946728737811849e-01
1.264554671318509071e-01
1.191865387444854402e-01
1.249114499779762216e-01
6.465491880810309011e-02
7.848351183793361718e-02
1.185070564941987092e-01
1.177835655663747455e-01
7.360053934374803652e-02
7.851067439756662103e-02
9.422928409706073094e-02
9.754440298144620436e-02
1.044654985183745277e-01
1.024653722755060475e-01
9.177404592548837892e-02
9.560892841094713324e-02
1.049867962503808622e-01
1.034749396831521201e-01
1.239682048618675619e-01
1.173131129650171883e-01
4.143220306981661161e-02
4.797416241336677906e-02
1.180620404012452385e-01
1.069452064421844567e-01
8.567249229951315326e-02
8.308331682516756356e-02
5.461558472032040923e-02
5.642997971148006747e-02
1.009380081029193355e-01
1.104334082952979773e-01
1.070789315705300698e-01
1.017322930363566413e-01
1.238998346689802049e-01
1.257864599212878687e-01
8.196273315460633757e-02
6.436346692357433619e-02
7.060613875663174221e-02
8.474275572270564827e-02
6.466250895355193928e-02
6.717409459188386500e-02
4.372323491685673608e-02
6.519518613500077664e-02
1.142456263652961157e-01
1.090546129541186265e-01
1.165318046692319504e-01
1.231420352008495006e-01
1.100567551630326907e-01
1.077713770555933509e-01
1.148423722179955919e-01
1.238502314449615865e-01
1.109833492566248275e-01
1.200493834931017356e-01
9.836127453847341717e-02
1.033909814232824020e-01
1.091380674043300747e-01
9.731557917349192843e-02
1.150689805420656298e-01
1.246701303519471560e-01
1.198206328324762371e-01
1.253984505522998116e-01
1.114671971996975958e-01
1.148408809881920345e-01
9.737882141125767110e-02
1.078054146783173489e-01
9.899322833660630094e-02
1.056463962955013353e-01
1.250822214970869206e-01
1.225938603055784781e-01
1.023201263612256023e-01
1.094341101621918305e-01
8.932959976823541537e-02
8.689792387366084003e-02
7.417055050904983182e-02
7.945677107378640303e-02
3.589098614472863852e-02
4.657725271945768047e-02
6.888071986080965270e-02
6.930660251895946755e-02
8.075926017869829165e-02
9.934827986466798766e-02
9.873195044177882074e-02
1.132495971341559854e-01
9.417515394210274060e-02
8.595144744314858753e-02
1.135937168712029266e-01
1.137104057383662575e-01
6.743895978445174633e-02
6.175678065642567494e-02
1.033825949118560433e-01
1.027605208946112125e-01
7.984734296478449012e-02
7.848366461269942751e-02
6.684581977735443159e-02
5.674092653167261968e-02
5.013264391466856762e-02
5.320981758608126638e-02
7.625391406742404454e-02
8.569647194067443741e-02
8.863428983249516113e-02
9.776513664891237076e-02
6.916584028299535558e-02
5.433318599663695958e-02
8.862160761904033790e-02
7.441835809573597860e-02
7.350417728542123219e-02
6.328062106022271094e-02
4.484111151915848997e-02
3.502857519857455887e-02
2.358790199983505642e-02
6.483135023051229961e-02
7.472323675340752924e-02
7.015555820020973055e-02
5.403636805166121826e-02
5.512024728207669949e-02
4.885397511231878015e-02
1.636705798644113447e-02
