1.275514185781482235e-01
1.900861418079797804e-01
1.630297178357228427e-01
1.594703316603365006e-01
1.737635474734287033e-01
1.614573550146189973e-01
1.902305138629520331e-01
1.825246322155940626e-01
6.939506606965345492e-02
1.428944131297362752e-01
1.791367803164282124e-01
1.739220572253246666e-01
1.675774625238703464e-01
1.418542704596141291e-01
1.531487909243587908e-01
1.491408298199165816e-01
1.049332230557961793e-01
1.681505702782884470e-01
1.328336450355037668e-01
1.413106585928289027e-01
9.044499989975784970e-02
1.515410049019352001e-01
1.878492558969955262e-01
4.853511565067269995e-02
1.779872401484881017e-01
8.124998558557107930e-04
1.646164499574259421e-01
1.462144882385628397e-01
1.471820854639424858e-01
1.515912519012106441e-01
1.229584483562524838e-01
1.842234790957704149e-01
1.040359183972860285e-01
2.390077388832769281e-02
1.624639771834533730e-01
1.470823712910849790e-01
1.671236925135787810e-01
7.217592198602656994e-02
1.469272347744804419e-01
1.375861697463724997e-01
1.754435369153026780e-01
1.545297311059895817e-01
7.286876375578593690e-02
1.393081344964826329e-01
7.223615981193333424e-02
7.425214938072464965e-02
1.489996105470990373e-01
1.291663172602054155e-01
7.275484956054521779e-02
3.791854361365942089e-02
