1.139656583791595068e-01
1.381205393302202267e-01
1.319610775173524486e-01
1.120758848722826079e-01
9.361035120981420210e-02
1.156504641638715219e-01
9.010761908728379121e-02
1.053924264398697491e-01
1.162251602381333543e-01
1.279938014087955711e-01
1.365468079594783501e-01
1.870045408749922838e-02
1.357239418301644795e-01
1.234829716813480999e-01
1.159423924193413724e-01
9.763678615723427046e-02
1.228435222554357109e-01
1.375683277934608428e-01
7.250464276105371420e-02
4.755881790490468219e-02
1.051998131351733479e-01
5.071466322224518070e-02
1.398855698325951746e-01
1.234821692083596933e-01
4.153542771608477457e-02
8.554183829291597818e-02
1.207601618063254834e-01
1.422118776332951251e-01
5.474659001390275170e-02
1.359139979240444884e-01
1.147303267801153964e-01
8.483391465302506096e-02
4.473856511359020766e-02
8.674406446317138586e-02
1.308629679763974596e-01
7.893037215459611233e-02
1.243952324030434681e-01
9.508126490233988204e-02
1.005484040497869741e-01
9.284605903981778263e-02
1.262088043060153597e-01
1.427580262652970444e-01
1.256829045854192251e-01
1.410181262746483810e-01
1.160286243900155445e-01
1.174302680340984090e-01
1.331722071714183109e-01
1.279841712842701151e-01
1.126862568869245462e-01
1.477613020750654094e-01
1.521731551534625249e-01
9.609024884300267078e-02
7.523015417659380255e-02
2.960997047086098496e-02
1.451214357078119688e-01
1.434365099798225185e-01
1.280975280589957688e-01
1.314360096846752257e-01
1.334838779573326029e-01
1.177444292937008807e-01
1.330571345976681308e-01
1.365545572630582905e-01
3.729338215870546536e-02
5.683501432880367493e-02
1.125564612919224966e-01
1.611257772104937938e-02
8.636555556537346690e-02
1.207232952835728540e-01
1.119636992340070220e-01
4.638969897762444672e-02
1.404305021426308087e-01
1.282088482036914667e-01
3.999295371168617996e-02
1.363331683239589198e-01
1.517909680152064629e-02
1.039854978234154570e-01
1.413600384062677073e-01
1.265633617240941311e-01
1.228968932057081243e-01
1.278255471888039563e-01
