1.836975095142778236e-01
1.927517850325571325e-01
2.055749931800637809e-01
1.667308719596299893e-01
1.957105101109514744e-01
2.083624991928895998e-01
1.968493859272522628e-01
2.071548960098075209e-01
1.699982787048490984e-01
1.913208184799911893e-01
2.103224396825086051e-01
1.793475724307211638e-01
1.579153901099519808e-01
1.770537898691401379e-01
1.615830720633338324e-01
1.969045166451611484e-01
1.217133619050626003e-01
2.001129255943092933e-01
1.392660342688381292e-01
1.940326209294510329e-01
1.987121923670904788e-01
2.029158856337907602e-01
2.088943849495460414e-01
1.248317000614589806e-01
1.940605409978347906e-01
7.899928008442319571e-02
2.002846720569450012e-01
1.878244005465953825e-01
1.753118384065087132e-01
1.754440248447245998e-01
