2.614596683725520787e-01
2.252688162513247216e-01
2.892254458560251096e-01
1.936320760055363632e-01
2.459535437205494501e-01
3.044069646427006726e-01
1.612644104337525586e-01
2.913505026610129778e-01
1.506771680768866362e-01
6.919077183198241165e-02
2.129491038705125516e-01
2.043579115645483280e-01
2.783683428367784707e-01
2.933390603273317576e-01
1.151715072780988836e-01
2.564661928166273031e-01
1.550366947715931254e-01
2.049361790795383442e-01
2.692363383076404881e-01
4.181085482420851399e-09
