1.383873547567094076e-01
1.716506081976511833e-01
1.528982704927398517e-01
1.488647787128583311e-01
1.603026906307492838e-01
1.538709796593825119e-01
1.729410915411422056e-01
1.674957288753408935e-01
1.116813507011612666e-01
1.440853158536160028e-01
1.649586175685315292e-01
1.597596379183201798e-01
1.601032730585813246e-01
1.403401348441767338e-01
1.495004889886097366e-01
1.465190039803782873e-01
1.248745760456857895e-01
1.606399356089342756e-01
1.341299789906065243e-01
1.417674935782482215e-01
1.201192381657890523e-01
1.436200106759591699e-01
1.711065081506664143e-01
1.006871985494574157e-01
1.615885445741045978e-01
4.069297387658427079e-02
1.560020702751672428e-01
1.435882078496525660e-01
1.434525280630189192e-01
1.441372999518994724e-01
1.339441112552246793e-01
1.688761075924783972e-01
1.280557753517159725e-01
9.057138594040485546e-02
1.509007447183834949e-01
1.417616137328274184e-01
1.562815095956128775e-01
1.134233998526961579e-01
1.433497904730918482e-01
1.408608988560764719e-01
1.596221814342172474e-01
1.460730490287075467e-01
1.092597551404471679e-01
1.427335585496838644e-01
1.154394661291647389e-01
1.101662409631484901e-01
1.413450600724125983e-01
1.334060375620486905e-01
1.106970424290832922e-01
9.556953513568344771e-02
