1.807054486558479500e-01
1.738571731688913768e-01
1.590845796443162985e-01
1.615505205230350072e-01
1.689047213146031567e-01
1.533701461246406161e-01
1.651353912196526497e-01
1.804257854021149021e-01
1.199837474775416329e-01
1.730401657652157754e-01
1.860575671396665909e-01
1.716360263187780288e-01
1.331150240671429563e-01
1.649858461905082119e-01
1.625978468255730447e-01
1.567511482192901484e-01
1.341431377772808187e-01
1.724158424085070196e-01
1.444633121865856462e-01
1.734832331332188393e-01
1.742999587684828655e-01
1.776182913453571710e-01
1.852408964857885088e-01
1.077554789649993461e-01
1.756499941554675870e-01
4.938005026357600302e-02
1.725784046205251776e-01
1.543525025621798608e-01
1.550154221023744283e-01
1.574526381437378331e-01
1.467752650247515500e-01
1.827578181650438005e-01
1.390892241395085549e-01
1.009502809405689178e-01
1.627408856995244957e-01
1.546826831858774121e-01
1.697295932676175512e-01
1.258837260255150081e-01
1.555674168174684957e-01
1.531805321859845137e-01
