1.927859762872359828e-01
1.591866995485596015e-01
1.609564990335431989e-01
1.779585898404312805e-01
1.688669013056344204e-01
1.630941516888758380e-01
1.978670483232791988e-01
1.850962671439410068e-01
1.880052194871618954e-01
1.340396224027213812e-01
1.388002570886051890e-01
1.920955318064479778e-01
1.653365701014324340e-01
1.573187413857796701e-01
9.004443180127670587e-02
1.803464329133409316e-01
1.607279932157847924e-01
1.679731635837269921e-01
1.768091287758832564e-01
1.621656372703192406e-01
1.768275232534891606e-01
1.217583179691529016e-01
1.622685553928320257e-01
1.334706142532613993e-01
1.344355155187789419e-01
1.684349278579330700e-01
1.595875132123977524e-01
1.663108521537227935e-01
9.513021377392359701e-02
1.663296780678149289e-01
1.588031947143845601e-01
1.004056473038937441e-01
1.454792651589141284e-01
1.573865270571299102e-01
1.561616321589001377e-01
1.391159297000839901e-01
1.947313986211265113e-01
1.397364784958025352e-01
1.266932152549945789e-01
1.121963660060696505e-01
