1.804268302158798520e-01
1.734534130583060829e-01
1.589197201789842306e-01
1.612597262210381244e-01
1.689124282617514572e-01
1.531957027572525554e-01
1.648432299402373125e-01
1.803667552803959739e-01
1.198309106031875126e-01
1.726589335465655572e-01
1.856649380635855828e-01
1.712554406060332879e-01
1.330573928434138908e-01
1.646729698387071339e-01
1.625053974214243080e-01
1.564567866673180208e-01
1.341246078675552289e-01
1.721566777089315881e-01
1.445356146343618475e-01
1.731242905658574305e-01
1.739592296392692972e-01
1.772495854507751545e-01
1.848464342832791540e-01
1.082638368697538545e-01
1.752469641342341289e-01
6.495838491996965003e-02
1.723398733949842998e-01
1.541734083788155185e-01
1.549695195251663826e-01
1.574400341327810982e-01
1.473371391903560423e-01
1.823523590247684012e-01
1.389340572655643480e-01
1.027777240334073472e-01
1.623868651498603377e-01
1.546043161789189546e-01
1.696996312634471427e-01
1.260402178645612103e-01
1.555369987468368242e-01
1.532260032512137160e-01
