1.052793216325628306e-01
8.809735802071252952e-02
7.533558304916164461e-02
7.926249584224585865e-02
1.053037877237873593e-01
6.367997233296567028e-02
9.041829614599580789e-02
8.382162254571691451e-02
6.371339553240523701e-02
9.647637193746143314e-02
5.648884062253172605e-02
9.377203195443650774e-02
1.113229274341091535e-01
3.515552457023175814e-02
9.736204877900049570e-02
9.707882991303073972e-02
7.153880865292255864e-02
9.325451867170519993e-02
8.569042022904249656e-02
5.963477507397980243e-02
4.994951539709547444e-02
4.581874948711008033e-02
2.306897406523160041e-02
9.385000842662902243e-02
1.062310060570234443e-01
6.039069094121712195e-02
1.056521875365306895e-01
1.089515568825167452e-01
5.628743756395155479e-02
9.784024256407343467e-02
5.071753845559987678e-02
9.535772328134446696e-02
4.767056171604833192e-02
7.949993267052651857e-02
9.641672651146260264e-02
6.495426103575117904e-02
1.013293954654653495e-01
8.583154569108338017e-02
9.971455831688587346e-02
9.520139264899875331e-02
8.565471566907992274e-02
1.001209752910557776e-01
5.306664666089983690e-02
7.269771155695792242e-02
1.075769656476198294e-01
2.640009822872062262e-02
9.734345682123128618e-02
1.065113321167878990e-01
6.296993383694059199e-02
9.859191052472962569e-02
9.309019541002547249e-02
4.828297029040021920e-02
1.025959050859806682e-01
7.380111547254776527e-02
4.534231799411877345e-02
8.312210054536112169e-02
5.788386890158327830e-02
9.682130955266032846e-02
6.447338831945020887e-02
1.034124661917189131e-01
1.024336513080690431e-01
1.076451472355117456e-01
1.004025451662757668e-01
5.413249056020303512e-02
1.045165044694443268e-01
9.978119859329304120e-02
1.088369635381797318e-01
1.007450595836189150e-01
6.657072002575939451e-02
8.265749384301306069e-02
9.529526798313885105e-02
1.045188923396931507e-01
1.019686864906892837e-01
1.103318642356130308e-01
9.132084441442762934e-02
1.040583131122729960e-01
1.118635484466929120e-01
9.687109698734398811e-02
5.517755661290744962e-02
8.794823162433217101e-02
8.654075381515993759e-02
1.068711713930797086e-01
9.278757408554995367e-02
9.605936279983459669e-02
9.720180810088592527e-02
9.256170078781934818e-02
1.095111296433030623e-01
1.056106480763308458e-01
1.046691692407241137e-01
1.105679961641235082e-01
6.577546053302929518e-02
7.157390993395021384e-02
9.476447585875621971e-02
2.556820850653335891e-02
1.007850444247698901e-01
7.735908887987105742e-02
1.090240462892146378e-01
8.543835303733121611e-02
1.159762668096716992e-01
3.484781000934324136e-02
6.049662259837138012e-02
1.127820366441157213e-01
8.251100514639350680e-02
8.091607027912571526e-02
9.007419883499075131e-02
8.965357243776088392e-02
8.548224691007914877e-02
1.041877960084234278e-01
3.978074261677662371e-02
6.111094321582372091e-02
9.141779578096881353e-02
1.004075387538150843e-01
4.681462595227593726e-02
6.428335169836592311e-02
1.094266280601491753e-01
9.537338183341394215e-02
5.543938163412594905e-02
9.650579672419430655e-02
1.100116085947458189e-01
1.078444573158234832e-01
8.876658576546112012e-02
9.324151803325275711e-02
6.890845058158714953e-02
1.057991683810900613e-01
6.413394085786031096e-02
6.749530863565811334e-02
8.619046746923954283e-02
1.069219619176011438e-01
1.086427638908693261e-01
9.201624424176352290e-02
