1.026408523600031847e-01
1.056570558339661320e-01
7.776791151643554223e-02
8.941423336199171013e-02
1.120838987615493110e-01
9.020735631901534435e-02
6.663303689387621576e-02
1.117379192505056074e-01
2.171543414487633536e-02
1.069026401648198454e-01
9.023084970394144172e-03
7.493785083858325868e-02
3.353873865403280558e-03
1.038914674893580969e-01
3.103237311810003521e-02
8.677548652431735232e-02
1.058610811160010656e-01
2.956997036576865245e-02
2.444999428635398486e-02
7.342810645672026224e-03
2.523191433453641358e-02
9.753155292854261138e-02
4.331608204812740365e-02
1.118147995755927743e-01
2.474988245235317311e-02
7.463910439612987668e-02
2.887257472872984537e-02
4.296164728810655808e-03
8.828313527446218778e-02
6.015307520929329826e-02
6.082012118003950196e-02
1.002199801445798760e-01
1.148942782074327124e-01
2.159290485853639779e-02
4.963663197497449053e-02
1.024197756629288553e-01
8.002171363747151087e-03
1.152562503151175199e-01
5.360130982707426994e-02
7.263905229072099845e-02
1.180314133923534257e-02
1.115900654088095439e-01
9.457146090417378748e-02
7.024181374760739283e-02
7.354811470874073054e-02
1.284734585531793760e-02
7.172742020273020769e-02
7.817652108976509695e-02
8.199688978909321080e-02
1.156616052521808602e-01
2.455476820406693114e-02
8.606423547608549329e-02
4.021262121012650348e-02
1.006646514405606235e-02
9.537334900826162365e-02
5.133793284818630176e-02
1.146552949458948117e-01
7.304833764658530230e-03
2.129115258978388908e-02
1.194211487577849784e-01
8.010172582017238696e-02
9.467379589444856192e-02
9.401117692809959903e-02
3.645513492592887539e-02
3.065847364980525680e-02
8.803952853233655562e-02
3.212966134875841484e-02
1.101311275882228269e-01
1.004554115052244539e-01
1.036576387576466501e-01
1.041257539661198522e-01
1.159585617125833829e-01
8.934976066225047697e-02
1.142228731851730739e-01
1.207236705051194653e-01
5.197774568865263546e-03
8.557557972314010220e-02
5.255910676462599573e-02
1.034555120598490835e-01
9.710580481962181876e-02
7.735215446908022541e-02
1.243351911456860165e-02
1.148340512006241071e-01
7.562198819309014219e-02
8.873543755315349557e-02
1.189940313104793645e-01
1.005578428229973037e-01
3.888817702087163375e-02
1.069873976369467572e-01
9.074185278274858601e-02
1.014510507618172214e-01
1.133033117941155687e-01
9.836246414695241913e-02
1.000935997916112402e-01
1.121102049141805834e-01
8.041252859464569080e-02
8.643686268642743198e-02
1.131069020098441902e-01
2.516247697780817083e-02
6.127827977379950858e-02
2.843703714954038536e-02
1.117651799905019366e-01
8.197863644453817766e-02
1.086015077332941770e-03
8.476698591391759741e-02
9.958738049374005197e-02
1.048053865326503964e-01
2.193846882521522865e-02
8.195122201250154559e-02
1.057233702509723233e-01
8.920825919224383005e-02
1.060075023338737238e-01
9.660223208311365106e-02
6.811955312242756570e-03
7.572690960024991425e-02
6.004405554217736446e-02
1.181508543688613855e-01
5.511640136494550847e-03
1.985854060973877427e-02
4.617175532316552394e-02
8.671155853826932602e-02
9.521796826922507284e-02
1.210190000788030351e-01
8.542223596842071776e-02
1.121207933743791074e-01
4.039111542401342680e-02
9.214935699641811639e-02
1.020145697400924173e-01
1.206751041663050861e-01
2.909948937809948497e-02
9.381198612545986470e-02
8.073534326848808007e-02
7.119521984574801732e-02
1.033414160455475850e-01
1.005941227966017093e-01
9.509567544869482192e-02
3.648611559845850449e-02
2.365209620262142751e-02
1.028192790234543352e-01
9.513297097305310757e-02
1.133174319567921973e-01
7.497176077937717231e-02
3.210666636619338710e-02
8.459850725953962924e-02
8.005061068620840381e-02
6.838828889408846146e-02
9.507509839698213838e-02
9.828408797836443722e-02
