2.163821783761081530e-02
1.115747691427041235e-02
1.115113638703287974e-01
1.134430022706442616e-02
1.071801258802738908e-18
2.792459921715787635e-03
1.144250031618066904e-01
9.371886884087148040e-02
1.215459312304536382e-01
1.459030951930670450e-01
1.325514886038761941e-01
1.729694711830958437e-02
3.942681277110637026e-04
1.095355230332760964e-02
1.442406691700710286e-01
2.773493301439812053e-03
1.479721315270168258e-01
4.745636860706192728e-02
1.142315825318891004e-01
1.526961846071924478e-01
1.505398850256286780e-01
1.518739052219103824e-01
8.853196476092697886e-02
1.157350080411810450e-01
5.394265789356784274e-02
1.387025702924003512e-01
1.582501946277432847e-01
8.987796227598611465e-02
3.309374748736357286e-02
2.676193972964190874e-03
6.077974210873478972e-02
8.283456278162851238e-02
2.817298657519779620e-02
2.522469756344615510e-02
4.015330864561292984e-02
1.300435081069318544e-01
1.226932579156355119e-01
1.222380936585586719e-01
1.437958651503566943e-01
6.757616754707042317e-02
5.828089337469487263e-02
3.020726526806887663e-02
8.421561344762314161e-02
9.773216814825469445e-02
1.430365607915292173e-02
1.162999572150072713e-01
1.497386270562878763e-01
1.226975757167712705e-01
3.770364596212793119e-03
1.020093555908566374e-01
1.283452925735992234e-01
1.384515081886527887e-01
9.097439037139040674e-03
5.833655812825375153e-02
1.309781178625088194e-01
9.137772786547762593e-02
1.643961067616268312e-01
1.407768556306048802e-01
9.544634633792019318e-02
6.790661759307875522e-02
8.778128404927242057e-02
1.199297305648018702e-01
6.995787786262698538e-02
1.143365991221499817e-01
1.722635863383191121e-02
1.176297634401078651e-01
1.655066877028021077e-01
9.184749347358316107e-02
2.514050502239968676e-03
9.152727038032122675e-02
1.291000278266685730e-01
1.017209472580874463e-01
5.082316438217372029e-02
1.606219569482804431e-04
8.856063261599717018e-02
6.994834580460233819e-02
1.449254720892399761e-01
3.762853581726487845e-02
1.091301540870924375e-01
2.328540752318080179e-02
1.128085504546296192e-01
1.134292570293769786e-01
1.197043617511491381e-01
2.990517203089120436e-03
7.127008923137038987e-02
1.175462232619656350e-01
1.408544984921060172e-01
3.831489218025548125e-03
1.364899157667393281e-01
9.165680824636127447e-03
1.069132546981972215e-01
1.052935836231916611e-01
5.980773683957160691e-02
1.188207584250131482e-01
1.543901859122780718e-01
1.861962026749360011e-02
5.175680519749652209e-02
1.346771454487234732e-02
5.264095760325440514e-03
1.225925262003715877e-01
9.905408933218692868e-02
6.166353909332750183e-02
1.427837710357412748e-01
1.105911639483434655e-01
2.134188574990567282e-03
1.036553632696110144e-01
2.078733103406907659e-02
