1.040576057160346041e-01
8.764481793813175270e-02
7.708832257849294878e-02
8.011611567161125436e-02
1.039820389080027691e-01
6.715061812080208581e-02
9.093830473828434791e-02
8.420595251037370221e-02
6.727161653852213596e-02
9.606264965595316674e-02
5.948117729456088576e-02
9.468620464018237537e-02
1.101538226229999140e-01
4.232092775655670047e-02
9.593456079125228797e-02
9.563192651373435271e-02
7.224852001749272612e-02
9.245107119147850938e-02
8.522292557754114484e-02
6.230042866862801204e-02
5.426513919783270551e-02
4.995219265905874451e-02
3.287740823798671053e-02
9.250862019330405306e-02
1.041219918847597764e-01
6.270649024736170418e-02
1.041494684025842665e-01
1.068246011416769670e-01
5.910717461276319279e-02
9.681057122443079144e-02
5.578143520667805388e-02
9.482090049633266904e-02
5.298265267001531220e-02
7.990051554223778774e-02
9.594461994104563907e-02
6.731753886883526383e-02
9.934713130867453557e-02
8.514739128063621154e-02
9.779722440700965025e-02
9.435182412662622420e-02
8.531573471119177632e-02
9.922984831572335962e-02
5.650369370136178876e-02
7.538635981351984872e-02
1.056608354703293812e-01
3.174110964276295049e-02
9.584263456916163049e-02
1.044829709868631135e-01
6.645657660104356546e-02
9.719420178803185595e-02
9.290972428735064237e-02
5.455776270922152449e-02
1.011543395490760167e-01
7.437536056407548224e-02
5.541698541263696126e-02
8.351739617773194790e-02
6.222952783380122921e-02
9.535787015688095003e-02
6.543156050736156915e-02
1.017854663082694566e-01
1.012700587724561230e-01
1.062439041596549005e-01
9.942661795752455456e-02
5.723216119466880553e-02
1.026021651155395176e-01
9.813010553800780023e-02
1.067886902655143105e-01
9.926090401458571855e-02
6.926337746354324643e-02
8.410351911579219686e-02
9.435695549999768839e-02
1.029017288846604122e-01
1.014340314322435682e-01
1.081600145216915776e-01
9.070898000327817789e-02
1.023819569151524916e-01
1.102404066097049801e-01
9.522719500545315241e-02
5.947223269401223644e-02
8.835024273483763069e-02
8.718874498331678768e-02
1.053688966257706749e-01
9.115767222568189887e-02
9.528250355068552946e-02
9.652879174671608054e-02
9.231106542977025875e-02
1.075226042617194872e-01
1.042041605082066474e-01
1.030589432385370235e-01
1.088586419632309871e-01
6.779169768187098821e-02
7.527340498282920900e-02
9.366768310605776138e-02
3.751765718579625625e-02
9.943364456891526371e-02
7.832117578490752074e-02
1.069919550820058046e-01
8.639513893126862798e-02
1.140741424848310676e-01
4.139051377292398554e-02
6.467946499233991065e-02
1.109446842484945878e-01
8.250332053582236369e-02
8.144129381323031436e-02
9.061388297244687973e-02
8.924088958410297812e-02
8.596521019325617519e-02
1.028994455312431389e-01
4.831640813779785465e-02
6.465083027710490093e-02
9.095212373669007977e-02
1.000780933334017853e-01
5.288667556267086928e-02
6.706597691024872299e-02
1.072971556838289292e-01
9.442976249626944263e-02
6.009058035432451178e-02
9.519440553623899348e-02
1.079381214467587113e-01
1.059074633962707457e-01
8.850058365119434223e-02
9.350217993398401983e-02
7.019088261143258123e-02
1.043636807856312271e-01
6.708072698658865129e-02
6.945550646406879747e-02
8.733464746518740385e-02
1.049121705396778015e-01
1.073277879797434053e-01
9.250751358184516882e-02
