1.837486367616467942e-01
1.928102867888665528e-01
2.056396864633412147e-01
1.667863041411186686e-01
1.957695066741436118e-01
2.084112409975008573e-01
1.969112441638966871e-01
2.072235910879369203e-01
1.700409301216564417e-01
1.913868864288086891e-01
2.103846109567265033e-01
1.793905073900856073e-01
1.579393115138531811e-01
1.766304303482584270e-01
1.612769553950824108e-01
1.969672668880524669e-01
1.217353300110471381e-01
2.001676425769378098e-01
1.392971968107868108e-01
1.940911172129514972e-01
1.987706476390635468e-01
2.029791437862545067e-01
2.089572420486082160e-01
1.248598760391491508e-01
1.941245678400025376e-01
7.712602508876094387e-02
2.003339320714335736e-01
1.878764845572903908e-01
1.753701781340488153e-01
1.754989783416642246e-01
