9.613881606644911204e-02
9.446927618877398736e-02
7.999434277418951411e-02
8.586991823484835251e-02
9.720593587291435911e-02
8.407719415213359138e-02
7.559799362140262602e-02
9.848071723688707479e-02
5.655328757810463430e-02
9.527658283156274777e-02
5.255792300379028698e-02
8.182593736686395725e-02
5.114831427433826766e-02
9.296885579507845054e-02
6.441499537613427917e-02
8.241881166351941457e-02
9.432864098405520370e-02
5.908739170994180973e-02
5.748814058446458097e-02
5.210671001217827281e-02
6.302132204834999529e-02
8.691708740306332281e-02
6.960110711058938027e-02
9.818094886713836511e-02
6.066786528207881307e-02
8.338291972471831293e-02
5.892451634908363323e-02
4.399880650861905107e-02
8.430309725032079926e-02
7.739929233527108321e-02
7.450283899521698006e-02
9.439337089720246932e-02
9.997070180646130955e-02
5.841255926267079068e-02
6.918258026784723791e-02
9.495158035091912085e-02
5.599574028403547094e-02
9.959467680859940275e-02
7.234558850598447888e-02
7.678080485664517951e-02
4.996379487516985907e-02
9.666222539368127253e-02
8.851012911075069323e-02
7.947388508025265974e-02
7.848190112145472797e-02
5.000619819554566470e-02
7.876089700405758398e-02
8.077062084211804327e-02
8.377948249032829420e-02
9.932978341314321891e-02
6.105600534246594102e-02
8.422070219530235213e-02
6.579894982132909742e-02
5.336293284362075146e-02
9.028246770389558584e-02
7.221952294962658003e-02
9.900291937292043931e-02
4.402494138955761332e-02
5.901823190100682903e-02
1.019449039593617878e-01
8.230603477720624395e-02
8.852317156982678070e-02
8.966135906696048874e-02
6.619244031856416632e-02
6.391960153480327755e-02
8.662018436184465431e-02
6.472194855648159828e-02
9.648786482032806200e-02
9.170564336314562803e-02
9.538414009660911574e-02
9.292273604245925023e-02
1.015522015274710893e-01
8.460407749438779434e-02
1.000009821875375848e-01
1.026886089917604106e-01
5.051790868715151650e-02
8.608521158415943786e-02
7.097174427152500020e-02
9.429938045909908029e-02
8.933292383001881221e-02
8.133674390185469116e-02
5.581645286901883163e-02
9.929415574989235160e-02
8.183974631897526775e-02
8.785212843506826075e-02
1.016428868587670453e-01
9.154403376745560983e-02
6.633761953206313011e-02
9.569992451142989021e-02
8.740697553449823520e-02
9.269035938031226773e-02
9.656116831719499527e-02
9.021481616072531129e-02
9.150238015343603593e-02
9.732799736697982096e-02
8.388203909637741151e-02
8.213963779215893712e-02
9.840377788699736228e-02
6.030668812299076753e-02
7.436949554242723581e-02
5.984776663902958982e-02
9.857585040646618668e-02
8.222947575159515743e-02
4.092202441330121399e-02
8.458586808466338203e-02
9.087867690797045428e-02
9.171003735511096266e-02
5.583234185778616215e-02
8.213674735902415369e-02
9.281284698462539950e-02
8.521077863874572389e-02
9.488738770958661528e-02
9.360382688252250061e-02
5.399162942856837455e-02
8.060848924919036818e-02
7.546335807406687191e-02
1.014459974671898246e-01
5.241005907358961546e-02
5.780156087433679230e-02
6.944447365573074016e-02
8.579071819208947125e-02
8.890033382156814490e-02
1.035300968381868969e-01
8.681481582815217535e-02
9.923195218528424455e-02
6.678550230062213489e-02
8.885467946808864315e-02
9.534141920259948944e-02
1.026056997430135898e-01
6.295849382222498680e-02
9.061628412387519316e-02
8.567036092186394725e-02
8.093556075217933632e-02
9.489875771840028396e-02
9.293682942984461681e-02
8.992817060972654875e-02
6.760240501664988022e-02
5.661338950498400607e-02
9.599124840053850638e-02
9.056987325666329691e-02
9.818801776536546788e-02
7.862294829622364090e-02
6.335455415804494561e-02
8.556239977863042134e-02
8.245567504103201717e-02
7.458706675441288680e-02
8.548810149730096120e-02
9.171528620342872529e-02
