1.804482121626009294e-01
1.734828950123016300e-01
1.589440554803288053e-01
1.612842504173844227e-01
1.689438424393988614e-01
1.532133142040772444e-01
1.648687527853286705e-01
1.803994427710747250e-01
1.198446079680753201e-01
1.726883995186704324e-01
1.856935916058419789e-01
1.712860920770419015e-01
1.330657935425997029e-01
1.646963426224419547e-01
1.625286809500845198e-01
1.564819480394471773e-01
1.341505502433564256e-01
1.721801634576300144e-01
1.445613099494169329e-01
1.731522868197972742e-01
1.739857212182729373e-01
1.772783333292475560e-01
1.848754237584618876e-01
1.082765283930992445e-01
1.752767313197763632e-01
6.374135792478639873e-02
1.723613652837213683e-01
1.539205075762648811e-01
1.549968086609385398e-01
1.574667028861669316e-01
1.471341902574733462e-01
1.823823039851421579e-01
1.389504270038237621e-01
1.027855795517316484e-01
1.624141023056761279e-01
1.546321316462851425e-01
1.697298237002871080e-01
1.260599122119112347e-01
1.555646686405574020e-01
1.532469795600424900e-01
