3.707467290692584988e-02
8.089318182380442527e-05
1.136495216042051615e-01
9.072998051965994182e-02
3.548822076937013792e-02
1.771006295729637969e-01
2.865665825230982386e-02
8.916211598016728426e-03
1.359589068422231359e-02
5.095126616620046511e-02
2.039145193838759473e-01
1.845894414636092273e-01
1.003791162010323337e-13
1.452110805226407009e-01
4.088649719288748458e-02
1.589683471985233387e-03
1.911024531113317548e-01
2.334875627750341090e-02
1.400375370816447085e-01
2.045659111903325722e-01
1.408229098881221830e-01
5.638809661414069530e-02
8.380073424061686149e-02
2.076154245627031270e-01
1.671598586473661829e-01
1.293434486066876443e-01
1.306442949877969217e-01
9.959236721826678074e-02
1.018823364983902219e-01
1.154570682650980923e-01
1.991105866137301283e-01
1.908549768381128942e-01
1.994275883788372006e-01
2.331650115112021970e-01
1.874270534049295167e-01
1.391207399448375348e-01
1.402772040327456005e-01
2.479534324068191631e-01
2.395490852734066811e-01
1.562946020670673564e-01
1.798427963925450235e-01
1.990066238927165332e-01
2.242449623506350964e-01
1.747603606721847003e-01
1.014507643195278891e-01
1.268898087345360533e-02
5.341791140079196060e-02
1.302984625821368425e-01
8.061955843617242133e-05
7.076015306158607576e-02
