1.381595393669337590e-01
1.711424728557349451e-01
1.524798307418986087e-01
1.484834331233964022e-01
1.598734301048228834e-01
1.534296930190601205e-01
1.725048156691417478e-01
1.672152622888595785e-01
1.114520952182075086e-01
1.441905608601821709e-01
1.644877317781412995e-01
1.595894080808604454e-01
1.597677431612580246e-01
1.411911286256163078e-01
1.489558841889624119e-01
1.461431247040228809e-01
1.244322001799070820e-01
1.602869415013810639e-01
1.340192613618718942e-01
1.413967338946823249e-01
1.199506726782086641e-01
1.435001911591581025e-01
1.706091442715000350e-01
1.007191817605295608e-01
1.613700766931421005e-01
5.321215636008810174e-02
1.558247431771017655e-01
1.434346425373004275e-01
1.429274463988934041e-01
1.436052357407552049e-01
1.346163972463297054e-01
1.683567973819889152e-01
1.278510876667926788e-01
9.424672200965447666e-02
1.507549297486603934e-01
1.412441128658588063e-01
1.560373415819451826e-01
1.145596863960761241e-01
1.428108683153413716e-01
1.407087483032427588e-01
1.591579190994927562e-01
1.455210331733492457e-01
1.094758322988576699e-01
1.424077694429937424e-01
1.152508249813278263e-01
1.099728312082642045e-01
1.418814971117689505e-01
1.335905076965431537e-01
1.116506338526236375e-01
9.997207839617090752e-02
