2.127722289150164869e-01
2.030939721814701837e-01
1.668254559869019049e-01
1.480361523283793834e-01
1.808328041588614932e-01
1.062201209204591962e-01
1.637373564956587646e-01
2.150807636346258045e-01
5.661084215041378188e-03
2.034823084106217872e-01
2.229043543683359718e-01
1.841104748841760896e-01
5.871620477475927163e-02
1.681060413477063753e-01
1.714787679594625969e-01
1.436370940151240339e-01
2.953309316750669239e-02
1.720292442060596116e-01
5.733032481452268736e-02
2.008894228615739908e-01
1.882359912876173658e-01
2.061547829876813065e-01
2.214100995747660949e-01
7.942494919836003836e-03
2.070696125949442745e-01
5.879463194749885839e-15
1.663860111196484581e-01
1.542137990144257786e-01
1.445836770155839168e-01
1.454055161700984755e-01
1.330640350768620972e-01
2.192150244154767724e-01
5.007470029567363118e-02
1.701978201683524566e-02
1.658116269016331190e-01
1.465603018193843421e-01
2.000363468400237765e-01
2.303805377939762214e-02
1.523127589659619419e-01
1.453387714909650519e-01
