1.548168050903941384e-01
1.121793675899676046e-01
1.526071860496965304e-01
1.657690800597952929e-01
1.526787923392795843e-01
1.427243386341398856e-01
1.754248815078461032e-01
1.360443465454077294e-01
1.608309062942568646e-01
1.719758503275629069e-01
1.402378866701533833e-01
1.718733510600200243e-01
1.624869742705687126e-01
1.133372924631261408e-01
1.667694049404721823e-01
1.526590097231398935e-01
1.775893527366214364e-01
1.820622341716066628e-01
1.420944105217386566e-01
1.412926407041582011e-01
1.701428250134445763e-01
1.651970964284945054e-01
1.735152470639592104e-01
1.742841276455651400e-01
1.834439181369397764e-01
1.863415640347282076e-01
1.428045675810321324e-01
1.708075068822692832e-01
1.695673991021829641e-01
1.593773254869038092e-01
1.539733303120453256e-01
1.434650560339565950e-01
1.642344067991960144e-01
1.603995154528787548e-01
1.328003772165353702e-01
1.237196938394886370e-01
1.686687834934896546e-01
1.738123288266767708e-01
1.197172975056929323e-01
1.676884488239379634e-01
